581.8000000000186
192.70000000000957
386.30000000005356
273.60000000002793
201.35000000001153
302.25000000003445
406.7500000000582
204.05000000001215
220.45000000001588
316.30000000003764
200.90000000001143
194.05000000000987
250.4500000000227
194.50000000000998
299.0000000000337
201.35000000001153
215.40000000001473
82.24999999999747
231.35000000001835
336.3000000000422
344.50000000004405
377.6500000000516
214.95000000001463
218.10000000001534
326.75000000004
231.80000000001846
211.3500000000138
369.4500000000497
218.10000000001534
198.1000000000108
259.4500000000247
214.05000000001442
232.25000000001856
184.9500000000078
376.7500000000514
301.35000000003424
213.15000000001422
205.85000000001256
317.20000000003785
452.25000000006855
424.05000000006214
247.20000000002196
567.6500000000315
264.05000000002576
163.60000000000295
423.60000000006204
403.6000000000575
306.75000000003547
224.0500000000167
225.8500000000171
203.60000000001205
297.6500000000334
241.35000000002063
223.6000000000166
252.7000000000232
294.0500000000326
237.6500000000198
214.50000000001452
215.85000000001483
200.90000000001143
226.3000000000172
332.70000000004137
192.70000000000957
212.250000000014
266.7500000000264
272.7000000000277
284.9500000000305
258.5500000000245
310.4500000000363
217.20000000001514
330.90000000004096
211.8000000000139
211.3500000000138
293.6000000000325
305.85000000003527
358.55000000004725
223.1500000000165
322.250000000039
229.90000000001803
266.3000000000263
268.1000000000267
189.00000000000873
246.30000000002175
282.70000000003
338.1000000000426
212.250000000014
285.4000000000306
287.6500000000311
344.95000000004416
209.45000000001338
378.1000000000517
208.55000000001317
242.70000000002094
210.9000000000137
258.5500000000245
210.4500000000136
198.1000000000108
211.8000000000139
281.3500000000297
274.50000000002814
298.5500000000336
216.75000000001504
340.45000000004313
291.35000000003197
339.0000000000428
213.15000000001422
283.1500000000301
309.000000000036
204.05000000001215
449.0000000000678
230.45000000001815
225.400000000017
204.50000000001225
283.6000000000302
293.1500000000324
288.55000000003133
213.15000000001422
246.30000000002175
225.400000000017
254.05000000002352
262.70000000002545
321.3500000000388
253.1500000000233
304.50000000003496
251.3500000000229
201.35000000001153
440.45000000006587
194.50000000000998
250.9000000000228
260.45000000002494
221.35000000001608
207.65000000001297
287.200000000031
248.10000000002216
194.95000000001008
259.4500000000247
232.70000000001866
207.65000000001297
274.50000000002814
235.85000000001938
505.40000000008064
254.05000000002352
224.0500000000167
216.75000000001504
266.3000000000263
249.45000000002247
298.5500000000336
270.9000000000273
208.10000000001307
165.85000000000346
252.2500000000231
205.40000000001245
198.1000000000108
248.10000000002216
218.55000000001544
300.90000000003414
244.95000000002145
267.6500000000266
306.30000000003537
361.800000000048
259.4500000000247
242.70000000002094
225.400000000017
423.15000000006194
349.0000000000451
235.85000000001938
324.5000000000395
216.75000000001504
244.50000000002134
307.2000000000356
429.45000000006337
212.250000000014
233.15000000001876
221.35000000001608
271.3500000000274
222.7000000000164
294.5000000000327
379.9000000000521
381.35000000005243
239.9000000000203
258.5500000000245
232.70000000001866
226.7500000000173
245.40000000002155
199.000000000011
230.45000000001815
267.2000000000265
232.25000000001856
224.0500000000167
205.40000000001245
243.60000000002114
253.6000000000234
213.60000000001432
154.05000000000078
240.45000000002042
428.55000000006316
220.45000000001588
269.450000000027
423.15000000006194
363.6000000000484
234.95000000001917
278.55000000002906
233.15000000001876
258.5500000000245
453.60000000006886
256.300000000024
281.8000000000298
204.95000000001235
243.60000000002114
230.90000000001825
209.90000000001348
248.55000000002227
188.55000000000862
220.90000000001598
266.7500000000264
293.1500000000324
425.40000000006245
241.35000000002063
251.800000000023
300.90000000003414
380.4500000000522
163.15000000000285
272.7000000000277
284.0500000000303
202.25000000001174
313.600000000037
280.4500000000295
289.90000000003164
242.25000000002083
222.7000000000164
302.70000000003455
306.30000000003537
303.15000000003465
267.6500000000266
264.95000000002597
235.85000000001938
294.5000000000327
251.800000000023
192.70000000000957
233.60000000001887
249.45000000002247
220.45000000001588
204.95000000001235
217.65000000001524
206.75000000001276
256.7500000000241
227.2000000000174
228.55000000001772
407.6500000000584
201.35000000001153
240.90000000002053
249.00000000002237
219.45000000001565
263.60000000002566
194.05000000000987
203.15000000001194
309.9000000000362
319.00000000003826
279.90000000002937
219.00000000001555
335.400000000042
207.20000000001286
214.95000000001463
230.90000000001825
275.40000000002834
273.60000000002793
239.0000000000201
290.90000000003187
326.3000000000399
397.65000000005614
413.15000000005966
239.0000000000201
193.15000000000967
194.50000000000998
389.0000000000542
274.95000000002824
273.60000000002793
299.4500000000338
224.9500000000169
298.1000000000335
212.70000000001411
208.10000000001307
289.90000000003164
258.1000000000244
85.39999999999729
214.95000000001463
431.8000000000639
190.90000000000916
231.35000000001835
219.00000000001555
219.45000000001565
199.000000000011
204.50000000001225
165.85000000000346
214.50000000001452
240.90000000002053
284.9500000000305
210.9000000000137
244.95000000002145
210.9000000000137
323.1500000000392
237.6500000000198
224.9500000000169
246.30000000002175
400.4500000000568
204.50000000001225
199.4500000000111
234.95000000001917
201.80000000001164
322.250000000039
253.1500000000233
296.7500000000332
250.4500000000227
341.80000000004344
277.20000000002875
208.10000000001307
257.6500000000243
278.10000000002896
384.95000000005325
205.85000000001256
305.40000000003516
197.6500000000107
229.00000000001782
204.95000000001235
228.10000000001762
221.80000000001618
230.90000000001825
310.0000000000362
196.7500000000105
229.90000000001803
343.15000000004375
303.60000000003475
221.35000000001608
422.70000000006183
253.6000000000234
239.9000000000203
443.6000000000666
260.90000000002505
310.4500000000363
211.8000000000139
286.7500000000309
305.85000000003527
202.70000000001184
258.5500000000245
302.70000000003455
233.60000000001887
281.3500000000297
274.05000000002804
266.3000000000263
469.45000000007246
390.4500000000545
214.95000000001463
237.20000000001968
407.6500000000584
193.15000000000967
246.75000000002186
196.7500000000105
279.00000000002916
307.2000000000356
509.90000000008166
245.85000000002165
278.55000000002906
514.5000000000798
368.1000000000494
213.15000000001422
186.7500000000082
195.40000000001018
272.7000000000277
204.05000000001215
194.50000000000998
235.85000000001938
245.40000000002155
196.7500000000105
200.45000000001133
303.15000000003465
183.6000000000075
234.50000000001907
228.55000000001772
198.5500000000109
229.00000000001782
205.40000000001245
224.5000000000168
211.8000000000139
209.90000000001348
189.90000000000893
233.60000000001887
217.20000000001514
207.65000000001297
286.7500000000309
248.55000000002227
253.1500000000233
257.6500000000243
187.20000000000832
215.40000000001473
225.8500000000171
299.4500000000338
253.1500000000233
260.90000000002505
214.50000000001452
205.85000000001256
214.95000000001463
220.90000000001598
206.75000000001276
249.45000000002247
199.000000000011
305.85000000003527
254.50000000002362
108.54999999999598
306.30000000003537
312.7000000000368
241.35000000002063
246.30000000002175
279.00000000002916
281.3500000000297
339.4500000000429
230.45000000001815
252.2500000000231
242.25000000002083
238.55000000002
178.55000000000635
282.2500000000299
303.15000000003465
412.25000000005946
230.45000000001815
251.800000000023
660.8999999999467
229.00000000001782
233.15000000001876
239.9000000000203
304.50000000003496
225.400000000017
205.40000000001245
235.40000000001928
203.15000000001194
229.45000000001792
221.80000000001618
230.45000000001815
226.3000000000172
245.40000000002155
242.70000000002094
219.45000000001565
353.6000000000461
247.20000000002196
258.1000000000244
352.7000000000459
228.10000000001762
206.30000000001266
276.75000000002865
295.4000000000329
257.2000000000242
328.5500000000404
243.15000000002104
279.90000000002937
191.35000000000926
275.85000000002844
217.20000000001514
190.90000000000916
189.00000000000873
241.35000000002063
208.10000000001307
362.2500000000481
249.00000000002237
200.00000000001123
300.90000000003414
216.30000000001493
337.6500000000425
407.2000000000583
214.95000000001463
239.0000000000201
480.90000000007507
239.9000000000203
198.5500000000109
198.5500000000109
237.6500000000198
244.05000000002124
218.55000000001544
184.5000000000077
659.449999999948
384.95000000005325
370.90000000005006
200.45000000001133
330.90000000004096
246.30000000002175
239.4500000000202
284.9500000000305
208.10000000001307
225.400000000017
227.6500000000175
213.60000000001432
222.7000000000164
216.30000000001493
212.70000000001411
229.90000000001803
237.20000000001968
201.80000000001164
209.45000000001338
242.70000000002094
219.00000000001555
403.1500000000574
189.45000000000883
206.75000000001276
319.00000000003826
212.250000000014
210.9000000000137
194.05000000000987
302.25000000003445
224.5000000000168
227.2000000000174
210.4500000000136
216.75000000001504
203.60000000001205
213.60000000001432
249.00000000002237
253.6000000000234
245.85000000002165
357.20000000004694
217.65000000001524
226.3000000000172
433.6000000000643
220.90000000001598
236.75000000001958
209.45000000001338
246.30000000002175
274.50000000002814
219.45000000001565
438.10000000006534
314.05000000003713
220.45000000001588
223.1500000000165
214.95000000001463
223.6000000000166
228.55000000001772
192.70000000000957
221.80000000001618
232.70000000001866
345.85000000004436
234.05000000001897
292.7000000000323
389.4500000000543
218.55000000001544
201.35000000001153
340.90000000004324
286.7500000000309
218.10000000001534
216.30000000001493
324.9500000000396
259.0000000000246
214.95000000001463
211.3500000000138
182.2500000000072
272.2500000000276
267.2000000000265
218.10000000001534
254.50000000002362
206.75000000001276
218.55000000001544
264.50000000002586
297.6500000000334
242.70000000002094
299.9000000000339
313.600000000037
267.2000000000265
304.05000000003486
235.40000000001928
263.15000000002556
216.30000000001493
248.10000000002216
224.0500000000167
243.15000000002104
189.90000000000893
203.15000000001194
240.90000000002053
244.50000000002134
239.4500000000202
254.05000000002352
272.2500000000276
270.0000000000271
253.6000000000234
201.35000000001153
194.95000000001008
189.90000000000893
344.50000000004405
254.50000000002362
244.95000000002145
200.90000000001143
243.60000000002114
250.0000000000226
333.6000000000416
314.95000000003733
256.300000000024
286.3000000000308
321.8000000000389
249.00000000002237
383.60000000005294
255.40000000002382
260.90000000002505
286.7500000000309
361.800000000048
206.30000000001266
242.25000000002083
261.80000000002525
296.7500000000332
196.7500000000105
319.00000000003826
280.9000000000296
219.00000000001555
258.5500000000245
240.45000000002042
258.1000000000244
307.2000000000356
251.3500000000229
412.70000000005956
201.80000000001164
239.9000000000203
198.5500000000109
319.45000000003836
218.10000000001534
188.55000000000862
249.45000000002247
199.9000000000112
204.05000000001215
241.80000000002073
209.45000000001338
253.1500000000233
208.55000000001317
238.55000000002
302.70000000003455
212.250000000014
224.5000000000168
197.6500000000107
257.2000000000242
327.2000000000401
344.05000000004395
457.6500000000698
209.00000000001327
280.9000000000296
228.10000000001762
350.0000000000453
225.8500000000171
218.55000000001544
245.85000000002165
214.95000000001463
243.15000000002104
226.7500000000173
202.70000000001184
198.1000000000108
239.4500000000202
207.65000000001297
209.90000000001348
221.80000000001618
435.4000000000647
364.9500000000487
574.0500000000256
344.50000000004405
224.9500000000169
232.70000000001866
231.35000000001835
216.75000000001504
215.40000000001473
249.45000000002247
249.45000000002247
283.6000000000302
213.60000000001432
384.50000000005315
344.05000000004395
252.7000000000232
213.60000000001432
197.2000000000106
388.10000000005397
239.9000000000203
205.85000000001256
503.60000000008023
210.9000000000137
251.3500000000229
248.10000000002216
391.8000000000548
505.85000000008074
219.00000000001555
228.10000000001762
306.30000000003537
235.85000000001938
260.90000000002505
195.40000000001018
398.10000000005624
304.95000000003506
270.9000000000273
254.05000000002352
311.8000000000366
297.2000000000333
223.6000000000166
210.4500000000136
223.6000000000166
476.7500000000741
252.7000000000232
304.95000000003506
209.90000000001348
241.80000000002073
250.9000000000228
307.6500000000357
274.95000000002824
472.2500000000731
212.250000000014
275.35000000002833
216.75000000001504
229.90000000001803
299.0000000000337
261.80000000002525
193.60000000000977
266.7500000000264
251.3500000000229
301.80000000003434
225.400000000017
292.7000000000323
210.4500000000136
232.70000000001866
349.9000000000453
226.7500000000173
359.90000000004756
264.05000000002576
241.80000000002073
189.45000000000883
229.00000000001782
212.70000000001411
273.60000000002793
213.15000000001422
344.95000000004416
274.05000000002804
294.9500000000328
189.00000000000873
256.7500000000241
209.00000000001327
235.40000000001928
230.45000000001815
198.1000000000108
270.4500000000272
269.0000000000269
271.3500000000274
226.3000000000172
361.800000000048
190.90000000000916
90.89999999999698
211.8000000000139
305.85000000003527
240.90000000002053
240.90000000002053
287.200000000031
234.95000000001917
263.15000000002556
252.7000000000232
313.600000000037
298.5500000000336
380.4500000000522
277.20000000002875
207.65000000001297
231.35000000001835
176.30000000000584
409.0000000000587
196.7500000000105
258.5500000000245
201.35000000001153
296.7500000000332
283.1500000000301
226.3000000000172
236.30000000001948
274.05000000002804
224.5000000000168
461.8000000000707
294.0500000000326
319.45000000003836
216.75000000001504
203.60000000001205
448.5500000000677
223.6000000000166
281.8000000000298
205.40000000001245
218.10000000001534
362.2500000000481
201.35000000001153
226.3000000000172
209.00000000001327
223.6000000000166
219.00000000001555
191.80000000000936
261.35000000002515
290.45000000003176
195.40000000001018
248.55000000002227
359.45000000004745
171.3500000000047
310.9000000000364
341.35000000004334
219.45000000001565
191.80000000000936
188.10000000000852
222.7000000000164
308.1000000000358
221.35000000001608
203.15000000001194
225.400000000017
232.70000000001866
479.90000000007484
213.15000000001422
242.70000000002094
216.30000000001493
239.4500000000202
202.70000000001184
203.60000000001205
204.50000000001225
436.3000000000649
219.00000000001555
437.20000000006513
179.00000000000645
472.7000000000732
499.0000000000792
577.6500000000224
239.9000000000203
209.00000000001327
281.8000000000298
260.00000000002484
204.95000000001235
353.6000000000461
207.65000000001297
311.3500000000365
268.5500000000268
412.70000000005956
546.3000000000509
207.65000000001297
390.4500000000545
229.90000000001803
242.25000000002083
194.05000000000987
274.05000000002804
293.6000000000325
199.000000000011
256.7500000000241
348.550000000045
314.05000000003713
254.95000000002372
252.7000000000232
231.80000000001846
207.20000000001286
242.25000000002083
291.80000000003207
242.25000000002083
221.80000000001618
185.4000000000079
221.35000000001608
229.90000000001803
214.50000000001452
223.1500000000165
251.800000000023
234.95000000001917
307.2000000000356
347.65000000004477
574.5000000000252
219.45000000001565
237.6500000000198
261.80000000002525
220.45000000001588
255.40000000002382
224.9500000000169
210.4500000000136
278.10000000002896
294.0500000000326
242.25000000002083
245.40000000002155
311.3500000000365
257.6500000000243
340.90000000004324
264.50000000002586
180.45000000000678
349.0000000000451
197.6500000000107
216.30000000001493
254.05000000002352
266.7500000000264
257.2000000000242
285.4000000000306
226.7500000000173
232.25000000001856
234.50000000001907
307.2000000000356
305.40000000003516
209.90000000001348
227.2000000000174
190.90000000000916
271.3500000000274
232.70000000001866
300.45000000003404
223.6000000000166
209.00000000001327
199.000000000011
288.10000000003123
273.60000000002793
233.15000000001876
209.90000000001348
270.4500000000272
281.3500000000297
288.55000000003133
424.05000000006214
184.5000000000077
396.75000000005593
204.95000000001235
295.850000000033
214.05000000001442
271.3500000000274
257.2000000000242
226.3000000000172
205.85000000001256
249.90000000002257
187.65000000000842
191.35000000000926
260.00000000002484
245.85000000002165
237.20000000001968
404.0500000000576
298.1000000000335
476.7500000000741
263.15000000002556
244.95000000002145
275.40000000002834
233.15000000001876
322.250000000039
366.300000000049
266.7500000000264
253.6000000000234
230.45000000001815
215.85000000001483
270.0000000000271
203.60000000001205
203.60000000001205
219.45000000001565
253.6000000000234
203.15000000001194
212.70000000001411
187.20000000000832
205.85000000001256
252.2500000000231
215.85000000001483
194.05000000000987
253.6000000000234
274.05000000002804
425.40000000006245
540.4500000000562
360.4500000000477
188.55000000000862
343.15000000004375
194.95000000001008
197.6500000000107
275.85000000002844
218.55000000001544
205.85000000001256
223.6000000000166
342.70000000004364
248.55000000002227
208.10000000001307
180.90000000000688
230.90000000001825
258.1000000000244
215.85000000001483
238.1000000000199
222.7000000000164
289.90000000003164
164.95000000000326
265.40000000002607
302.25000000003445
188.10000000000852
229.90000000001803
186.3000000000081
264.95000000002597
165.85000000000346
106.74999999999608
195.85000000001028
549.9000000000476
287.6500000000311
199.000000000011
265.40000000002607
217.20000000001514
230.45000000001815
236.75000000001958
191.80000000000936
249.90000000002257
291.35000000003197
278.55000000002906
218.55000000001544
423.60000000006204
247.20000000002196
268.5500000000268
199.9000000000112
265.85000000002617
202.70000000001184
244.05000000002124
215.85000000001483
264.95000000002597
247.20000000002196
277.20000000002875
320.9000000000387
227.6500000000175
200.90000000001143
237.6500000000198
303.60000000003475
225.8500000000171
246.30000000002175
239.9000000000203
239.4500000000202
240.45000000002042
296.7500000000332
218.55000000001544
334.5000000000418
181.8000000000071
298.5500000000336
423.60000000006204
250.4500000000227
334.9500000000419
285.8500000000307
261.80000000002525
236.30000000001948
257.6500000000243
256.7500000000241
214.50000000001452
292.7000000000323
194.95000000001008
213.15000000001422
216.75000000001504
269.450000000027
258.5500000000245
357.65000000004704
316.30000000003764
264.95000000002597
209.45000000001338
204.05000000001215
357.65000000004704
301.35000000003424
234.50000000001907
239.9000000000203
206.30000000001266
194.50000000000998
303.15000000003465
227.6500000000175
194.05000000000987
327.6500000000402