Time,ULT_1,VOL_1,PRS_1,APRS_1,ULN2_1,ULO2_1,ULCO2_1,ULCO_1,ULHCN_1,ULHCL_1,ULTUHC_1,ULH2O_1,ULOD_1,ULODF_1,ULODS_1,ULT_2,LLT_2,HGT_2,VOL_2,PRS_2,APRS_2,ULN2_2,ULO2_2,ULCO2_2,ULCO_2,ULHCN_2,ULHCL_2,ULTUHC_2,ULH2O_2,ULOD_2,ULODF_2,ULODS_2,LLN2_2,LLO2_2,LLCO2_2,LLCO_2,LLHCN_2,LLHCL_2,LLTUHC_2,LLH2O_2,LLOD_2,LLODF_2,LLODS_2,ULT_3,LLT_3,HGT_3,VOL_3,PRS_3,APRS_3,ULN2_3,ULO2_3,ULCO2_3,ULCO_3,ULHCN_3,ULHCL_3,ULTUHC_3,ULH2O_3,ULOD_3,ULODF_3,ULODS_3,LLN2_3,LLO2_3,LLCO2_3,LLCO_3,LLHCN_3,LLHCL_3,LLTUHC_3,LLH2O_3,LLOD_3,LLODF_3,LLODS_3,ULT_4,LLT_4,HGT_4,VOL_4,PRS_4,APRS_4,ULN2_4,ULO2_4,ULCO2_4,ULCO_4,ULHCN_4,ULHCL_4,ULTUHC_4,ULH2O_4,ULOD_4,ULODF_4,ULODS_4,LLN2_4,LLO2_4,LLCO2_4,LLCO_4,LLHCN_4,LLHCL_4,LLTUHC_4,LLH2O_4,LLOD_4,LLODF_4,LLODS_4,ULT_5,VOL_5,PRS_5,APRS_5,ULN2_5,ULO2_5,ULCO2_5,ULCO_5,ULHCN_5,ULHCL_5,ULTUHC_5,ULH2O_5,ULOD_5,ULODF_5,ULODS_5,ULT_6,LLT_6,HGT_6,VOL_6,PRS_6,APRS_6,ULN2_6,ULO2_6,ULCO2_6,ULCO_6,ULHCN_6,ULHCL_6,ULTUHC_6,ULH2O_6,ULOD_6,ULODF_6,ULODS_6,LLN2_6,LLO2_6,LLCO2_6,LLCO_6,LLHCN_6,LLHCL_6,LLTUHC_6,LLH2O_6,LLOD_6,LLODF_6,LLODS_6,ULT_7,LLT_7,HGT_7,VOL_7,PRS_7,APRS_7,ULN2_7,ULO2_7,ULCO2_7,ULCO_7,ULHCN_7,ULHCL_7,ULTUHC_7,ULH2O_7,ULOD_7,ULODF_7,ULODS_7,LLN2_7,LLO2_7,LLCO2_7,LLCO_7,LLHCN_7,LLHCL_7,LLTUHC_7,LLH2O_7,LLOD_7,LLODF_7,LLODS_7,ULT_8,LLT_8,HGT_8,VOL_8,PRS_8,APRS_8,ULN2_8,ULO2_8,ULCO2_8,ULCO_8,ULHCN_8,ULHCL_8,ULTUHC_8,ULH2O_8,ULOD_8,ULODF_8,ULODS_8,LLN2_8,LLO2_8,LLCO2_8,LLCO_8,LLHCN_8,LLHCL_8,LLTUHC_8,LLH2O_8,LLOD_8,LLODF_8,LLODS_8,ULT_9,LLT_9,HGT_9,VOL_9,PRS_9,APRS_9,ULN2_9,ULO2_9,ULCO2_9,ULCO_9,ULHCN_9,ULHCL_9,ULTUHC_9,ULH2O_9,ULOD_9,ULODF_9,ULODS_9,LLN2_9,LLO2_9,LLCO2_9,LLCO_9,LLHCN_9,LLHCL_9,LLTUHC_9,LLH2O_9,LLOD_9,LLODF_9,LLODS_9,ULT_10,LLT_10,HGT_10,VOL_10,PRS_10,APRS_10,ULN2_10,ULO2_10,ULCO2_10,ULCO_10,ULHCN_10,ULHCL_10,ULTUHC_10,ULH2O_10,ULOD_10,ULODF_10,ULODS_10,LLN2_10,LLO2_10,LLCO2_10,LLCO_10,LLHCN_10,LLHCL_10,LLTUHC_10,LLH2O_10,LLOD_10,LLODF_10,LLODS_10,IGN_1,PLUM_1,PYROL_1,HRR_E1,HRR_1,HRRC_1,HRRL_1,HRRU_1,FLHGT_1,IGN_2,PLUM_2,PYROL_2,HRR_E2,HRR_2,HRRC_2,HRRL_2,HRRU_2,FLHGT_2,IGN_3,PLUM_3,PYROL_3,HRR_E3,HRR_3,HRRC_3,HRRL_3,HRRU_3,FLHGT_3,IGN_4,PLUM_4,PYROL_4,HRR_E4,HRR_4,HRRC_4,FLHGT_4,DJET_1,DJET_2,DJET_3,DJET_4,DJET_5,DJET_6,DJET_7,DJET_8,DJET_9,DJET_10,DJET_Outside
Simulation Time,Upper Layer Temperature,Upper Layer Volume,Pressure,Absolute Pressure,N2 Upper Layer,O2 Upper Layer,CO2 Upper Layer,CO Upper Layer,HCN Upper Layer,HCl Upper Layer,Unburned Fuel Upper Layer,H2O Upper Layer,Optical Density Upper Layer,OD from Flaming Upper Layer,OD from Smoldering Upper Layer,Upper Layer Temperature,Lower Layer Temperature,Layer Height,Upper Layer Volume,Pressure,Absolute Pressure,N2 Upper Layer,O2 Upper Layer,CO2 Upper Layer,CO Upper Layer,HCN Upper Layer,HCl Upper Layer,Unburned Fuel Upper Layer,H2O Upper Layer,Optical Density Upper Layer,OD from Flaming Upper Layer,OD from Smoldering Upper Layer,N2 Lower Layer,O2 Lower Layer,CO2 Lower Layer,CO Lower Layer,HCN Lower Layer,HCl Lower Layer,Unburned Fuel Lower Layer,H2O Lower Layer,Optical Density Lower Layer,OD from Flaming Lower Layer,OD from Smoldering Lower Layer,Upper Layer Temperature,Lower Layer Temperature,Layer Height,Upper Layer Volume,Pressure,Absolute Pressure,N2 Upper Layer,O2 Upper Layer,CO2 Upper Layer,CO Upper Layer,HCN Upper Layer,HCl Upper Layer,Unburned Fuel Upper Layer,H2O Upper Layer,Optical Density Upper Layer,OD from Flaming Upper Layer,OD from Smoldering Upper Layer,N2 Lower Layer,O2 Lower Layer,CO2 Lower Layer,CO Lower Layer,HCN Lower Layer,HCl Lower Layer,Unburned Fuel Lower Layer,H2O Lower Layer,Optical Density Lower Layer,OD from Flaming Lower Layer,OD from Smoldering Lower Layer,Upper Layer Temperature,Lower Layer Temperature,Layer Height,Upper Layer Volume,Pressure,Absolute Pressure,N2 Upper Layer,O2 Upper Layer,CO2 Upper Layer,CO Upper Layer,HCN Upper Layer,HCl Upper Layer,Unburned Fuel Upper Layer,H2O Upper Layer,Optical Density Upper Layer,OD from Flaming Upper Layer,OD from Smoldering Upper Layer,N2 Lower Layer,O2 Lower Layer,CO2 Lower Layer,CO Lower Layer,HCN Lower Layer,HCl Lower Layer,Unburned Fuel Lower Layer,H2O Lower Layer,Optical Density Lower Layer,OD from Flaming Lower Layer,OD from Smoldering Lower Layer,Upper Layer Temperature,Upper Layer Volume,Pressure,Absolute Pressure,N2 Upper Layer,O2 Upper Layer,CO2 Upper Layer,CO Upper Layer,HCN Upper Layer,HCl Upper Layer,Unburned Fuel Upper Layer,H2O Upper Layer,Optical Density Upper Layer,OD from Flaming Upper Layer,OD from Smoldering Upper Layer,Upper Layer Temperature,Lower Layer Temperature,Layer Height,Upper Layer Volume,Pressure,Absolute Pressure,N2 Upper Layer,O2 Upper Layer,CO2 Upper Layer,CO Upper Layer,HCN Upper Layer,HCl Upper Layer,Unburned Fuel Upper Layer,H2O Upper Layer,Optical Density Upper Layer,OD from Flaming Upper Layer,OD from Smoldering Upper Layer,N2 Lower Layer,O2 Lower Layer,CO2 Lower Layer,CO Lower Layer,HCN Lower Layer,HCl Lower Layer,Unburned Fuel Lower Layer,H2O Lower Layer,Optical Density Lower Layer,OD from Flaming Lower Layer,OD from Smoldering Lower Layer,Upper Layer Temperature,Lower Layer Temperature,Layer Height,Upper Layer Volume,Pressure,Absolute Pressure,N2 Upper Layer,O2 Upper Layer,CO2 Upper Layer,CO Upper Layer,HCN Upper Layer,HCl Upper Layer,Unburned Fuel Upper Layer,H2O Upper Layer,Optical Density Upper Layer,OD from Flaming Upper Layer,OD from Smoldering Upper Layer,N2 Lower Layer,O2 Lower Layer,CO2 Lower Layer,CO Lower Layer,HCN Lower Layer,HCl Lower Layer,Unburned Fuel Lower Layer,H2O Lower Layer,Optical Density Lower Layer,OD from Flaming Lower Layer,OD from Smoldering Lower Layer,Upper Layer Temperature,Lower Layer Temperature,Layer Height,Upper Layer Volume,Pressure,Absolute Pressure,N2 Upper Layer,O2 Upper Layer,CO2 Upper Layer,CO Upper Layer,HCN Upper Layer,HCl Upper Layer,Unburned Fuel Upper Layer,H2O Upper Layer,Optical Density Upper Layer,OD from Flaming Upper Layer,OD from Smoldering Upper Layer,N2 Lower Layer,O2 Lower Layer,CO2 Lower Layer,CO Lower Layer,HCN Lower Layer,HCl Lower Layer,Unburned Fuel Lower Layer,H2O Lower Layer,Optical Density Lower Layer,OD from Flaming Lower Layer,OD from Smoldering Lower Layer,Upper Layer Temperature,Lower Layer Temperature,Layer Height,Upper Layer Volume,Pressure,Absolute Pressure,N2 Upper Layer,O2 Upper Layer,CO2 Upper Layer,CO Upper Layer,HCN Upper Layer,HCl Upper Layer,Unburned Fuel Upper Layer,H2O Upper Layer,Optical Density Upper Layer,OD from Flaming Upper Layer,OD from Smoldering Upper Layer,N2 Lower Layer,O2 Lower Layer,CO2 Lower Layer,CO Lower Layer,HCN Lower Layer,HCl Lower Layer,Unburned Fuel Lower Layer,H2O Lower Layer,Optical Density Lower Layer,OD from Flaming Lower Layer,OD from Smoldering Lower Layer,Upper Layer Temperature,Lower Layer Temperature,Layer Height,Upper Layer Volume,Pressure,Absolute Pressure,N2 Upper Layer,O2 Upper Layer,CO2 Upper Layer,CO Upper Layer,HCN Upper Layer,HCl Upper Layer,Unburned Fuel Upper Layer,H2O Upper Layer,Optical Density Upper Layer,OD from Flaming Upper Layer,OD from Smoldering Upper Layer,N2 Lower Layer,O2 Lower Layer,CO2 Lower Layer,CO Lower Layer,HCN Lower Layer,HCl Lower Layer,Unburned Fuel Lower Layer,H2O Lower Layer,Optical Density Lower Layer,OD from Flaming Lower Layer,OD from Smoldering Lower Layer,Ignition,Plume Entrainment Rate,Pyrolysis Rate,HRR Expected,HRR Actual,HRR Convective Actual,HRR Lower Actual,HRR Upper Actual,Flame Height,Ignition,Plume Entrainment Rate,Pyrolysis Rate,HRR Expected,HRR Actual,HRR Convective Actual,HRR Lower Actual,HRR Upper Actual,Flame Height,Ignition,Plume Entrainment Rate,Pyrolysis Rate,HRR Expected,HRR Actual,HRR Convective Actual,HRR Lower Actual,HRR Upper Actual,Flame Height,Ignition,Plume Entrainment Rate,Pyrolysis Rate,HRR Expected,HRR Actual,HRR Convective Actual,Flame Height,HRR vent jet Fires,HRR vent jet Fires,HRR vent jet Fires,HRR vent jet Fires,HRR vent jet Fires,HRR vent jet Fires,HRR vent jet Fires,HRR vent jet Fires,HRR vent jet Fires,HRR vent jet Fires,HRR vent jet Fires
Time,s1,s1,s1,s1,s1,s1,s1,s1,s1,s1,s1,s1,s1,s1,s1,r2,r2,r2,r2,r2,r2,r2,r2,r2,r2,r2,r2,r2,r2,r2,r2,r2,r2,r2,r2,r2,r2,r2,r2,r2,r2,r2,r2,c3,c3,c3,c3,c3,c3,c3,c3,c3,c3,c3,c3,c3,c3,c3,c3,c3,c3,c3,c3,c3,c3,c3,c3,c3,c3,c3,c3,r4,r4,r4,r4,r4,r4,r4,r4,r4,r4,r4,r4,r4,r4,r4,r4,r4,r4,r4,r4,r4,r4,r4,r4,r4,r4,r4,r4,s5,s5,s5,s5,s5,s5,s5,s5,s5,s5,s5,s5,s5,s5,s5,a6,a6,a6,a6,a6,a6,a6,a6,a6,a6,a6,a6,a6,a6,a6,a6,a6,a6,a6,a6,a6,a6,a6,a6,a6,a6,a6,a6,c7,c7,c7,c7,c7,c7,c7,c7,c7,c7,c7,c7,c7,c7,c7,c7,c7,c7,c7,c7,c7,c7,c7,c7,c7,c7,c7,c7,r8,r8,r8,r8,r8,r8,r8,r8,r8,r8,r8,r8,r8,r8,r8,r8,r8,r8,r8,r8,r8,r8,r8,r8,r8,r8,r8,r8,c9,c9,c9,c9,c9,c9,c9,c9,c9,c9,c9,c9,c9,c9,c9,c9,c9,c9,c9,c9,c9,c9,c9,c9,c9,c9,c9,c9,r10,r10,r10,r10,r10,r10,r10,r10,r10,r10,r10,r10,r10,r10,r10,r10,r10,r10,r10,r10,r10,r10,r10,r10,r10,r10,r10,r10,f4,f4,f4,f4,f4,f4,f4,f4,f4,f2,f2,f2,f2,f2,f2,f2,f2,f2,f3,f3,f3,f3,f3,f3,f3,f3,f3,f5,f5,f5,f5,f5,f5,f5,s1,r2,c3,r4,s5,a6,c7,r8,c9,r10,Outside
s,C,m^3,Pa,Pa,mol %,mol %,mol %,mol %,mol %,mol %,mol %,mol %,1/m,1/m,1/m,C,C,m,m^3,Pa,Pa,mol %,mol %,mol %,mol %,mol %,mol %,mol %,mol %,1/m,1/m,1/m,mol %,mol %,mol %,mol %,mol %,mol %,mol %,mol %,1/m,1/m,1/m,C,C,m,m^3,Pa,Pa,mol %,mol %,mol %,mol %,mol %,mol %,mol %,mol %,1/m,1/m,1/m,mol %,mol %,mol %,mol %,mol %,mol %,mol %,mol %,1/m,1/m,1/m,C,C,m,m^3,Pa,Pa,mol %,mol %,mol %,mol %,mol %,mol %,mol %,mol %,1/m,1/m,1/m,mol %,mol %,mol %,mol %,mol %,mol %,mol %,mol %,1/m,1/m,1/m,C,m^3,Pa,Pa,mol %,mol %,mol %,mol %,mol %,mol %,mol %,mol %,1/m,1/m,1/m,C,C,m,m^3,Pa,Pa,mol %,mol %,mol %,mol %,mol %,mol %,mol %,mol %,1/m,1/m,1/m,mol %,mol %,mol %,mol %,mol %,mol %,mol %,mol %,1/m,1/m,1/m,C,C,m,m^3,Pa,Pa,mol %,mol %,mol %,mol %,mol %,mol %,mol %,mol %,1/m,1/m,1/m,mol %,mol %,mol %,mol %,mol %,mol %,mol %,mol %,1/m,1/m,1/m,C,C,m,m^3,Pa,Pa,mol %,mol %,mol %,mol %,mol %,mol %,mol %,mol %,1/m,1/m,1/m,mol %,mol %,mol %,mol %,mol %,mol %,mol %,mol %,1/m,1/m,1/m,C,C,m,m^3,Pa,Pa,mol %,mol %,mol %,mol %,mol %,mol %,mol %,mol %,1/m,1/m,1/m,mol %,mol %,mol %,mol %,mol %,mol %,mol %,mol %,1/m,1/m,1/m,C,C,m,m^3,Pa,Pa,mol %,mol %,mol %,mol %,mol %,mol %,mol %,mol %,1/m,1/m,1/m,mol %,mol %,mol %,mol %,mol %,mol %,mol %,mol %,1/m,1/m,1/m,,kg/s,kg/s,W,W,W,W,W,m,,kg/s,kg/s,W,W,W,W,W,m,,kg/s,kg/s,W,W,W,W,W,m,,kg/s,kg/s,W,W,W,m,W,W,W,W,W,W,W,W,W,W,W
 0.000000E+00, 0.220300E+02, 0.247555E+03, 0.000000E+00, 0.100375E+06, 0.785602E+02, 0.205474E+02, 0.000000E+00, 0.000000E+00, 0.000000E+00, 0.000000E+00, 0.000000E+00, 0.892411E+00, 0.000000E+00, 0.000000E+00, 0.000000E+00, 0.220300E+02, 0.220300E+02, 0.349965E+01, 0.342326E-01, 0.000000E+00, 0.100375E+06, 0.785562E+02, 0.205464E+02, 0.000000E+00, 0.000000E+00, 0.000000E+00, 0.000000E+00, 0.000000E+00, 0.897385E+00, 0.000000E+00, 0.000000E+00, 0.000000E+00, 0.785562E+02, 0.205464E+02, 0.000000E+00, 0.000000E+00, 0.000000E+00, 0.000000E+00, 0.000000E+00, 0.897385E+00, 0.000000E+00, 0.000000E+00, 0.000000E+00, 0.220300E+02, 0.220300E+02, 0.349965E+01, 0.487576E-01, 0.000000E+00, 0.100375E+06, 0.785562E+02, 0.205464E+02, 0.000000E+00, 0.000000E+00, 0.000000E+00, 0.000000E+00, 0.000000E+00, 0.897413E+00, 0.000000E+00, 0.000000E+00, 0.000000E+00, 0.785562E+02, 0.205464E+02, 0.000000E+00, 0.000000E+00, 0.000000E+00, 0.000000E+00, 0.000000E+00, 0.897413E+00, 0.000000E+00, 0.000000E+00, 0.000000E+00, 0.220300E+02, 0.220300E+02, 0.349965E+01, 0.324135E-01, 0.000000E+00, 0.100375E+06, 0.785562E+02, 0.205464E+02, 0.000000E+00, 0.000000E+00, 0.000000E+00, 0.000000E+00, 0.000000E+00, 0.897413E+00, 0.000000E+00, 0.000000E+00, 0.000000E+00, 0.785562E+02, 0.205464E+02, 0.000000E+00, 0.000000E+00, 0.000000E+00, 0.000000E+00, 0.000000E+00, 0.897413E+00, 0.000000E+00, 0.000000E+00, 0.000000E+00, 0.220300E+02, 0.678132E+03, 0.000000E+00, 0.100375E+06, 0.785562E+02, 0.205464E+02, 0.000000E+00, 0.000000E+00, 0.000000E+00, 0.000000E+00, 0.000000E+00, 0.897413E+00, 0.000000E+00, 0.000000E+00, 0.000000E+00, 0.220300E+02, 0.220300E+02, 0.699930E+01, 0.684652E-01, 0.000000E+00, 0.100333E+06, 0.785562E+02, 0.205464E+02, 0.000000E+00, 0.000000E+00, 0.000000E+00, 0.000000E+00, 0.000000E+00, 0.897413E+00, 0.000000E+00, 0.000000E+00, 0.000000E+00, 0.785562E+02, 0.205464E+02, 0.000000E+00, 0.000000E+00, 0.000000E+00, 0.000000E+00, 0.000000E+00, 0.897413E+00, 0.000000E+00, 0.000000E+00, 0.000000E+00, 0.220300E+02, 0.220300E+02, 0.349965E+01, 0.487576E-01, 0.000000E+00, 0.100333E+06, 0.785562E+02, 0.205464E+02, 0.000000E+00, 0.000000E+00, 0.000000E+00, 0.000000E+00, 0.000000E+00, 0.897413E+00, 0.000000E+00, 0.000000E+00, 0.000000E+00, 0.785562E+02, 0.205464E+02, 0.000000E+00, 0.000000E+00, 0.000000E+00, 0.000000E+00, 0.000000E+00, 0.897413E+00, 0.000000E+00, 0.000000E+00, 0.000000E+00, 0.220300E+02, 0.220300E+02, 0.349965E+01, 0.324135E-01, 0.000000E+00, 0.100333E+06, 0.785562E+02, 0.205464E+02, 0.000000E+00, 0.000000E+00, 0.000000E+00, 0.000000E+00, 0.000000E+00, 0.897413E+00, 0.000000E+00, 0.000000E+00, 0.000000E+00, 0.785562E+02, 0.205464E+02, 0.000000E+00, 0.000000E+00, 0.000000E+00, 0.000000E+00, 0.000000E+00, 0.897413E+00, 0.000000E+00, 0.000000E+00, 0.000000E+00, 0.220300E+02, 0.220300E+02, 0.349965E+01, 0.487576E-01, 0.000000E+00, 0.100292E+06, 0.785562E+02, 0.205464E+02, 0.000000E+00, 0.000000E+00, 0.000000E+00, 0.000000E+00, 0.000000E+00, 0.897413E+00, 0.000000E+00, 0.000000E+00, 0.000000E+00, 0.785562E+02, 0.205464E+02, 0.000000E+00, 0.000000E+00, 0.000000E+00, 0.000000E+00, 0.000000E+00, 0.897413E+00, 0.000000E+00, 0.000000E+00, 0.000000E+00, 0.220300E+02, 0.220300E+02, 0.349965E+01, 0.324135E-01, 0.000000E+00, 0.100292E+06, 0.785562E+02, 0.205464E+02, 0.000000E+00, 0.000000E+00, 0.000000E+00, 0.000000E+00, 0.000000E+00, 0.897413E+00, 0.000000E+00, 0.000000E+00, 0.000000E+00, 0.785562E+02, 0.205464E+02, 0.000000E+00, 0.000000E+00, 0.000000E+00, 0.000000E+00, 0.000000E+00, 0.897413E+00, 0.000000E+00, 0.000000E+00, 0.000000E+00, 0.100000E+01, 0.000000E+00, 0.000000E+00, 0.000000E+00, 0.000000E+00, 0.000000E+00, 0.000000E+00, 0.000000E+00, 0.000000E+00, 0.000000E+00, 0.000000E+00, 0.000000E+00, 0.000000E+00, 0.000000E+00, 0.000000E+00, 0.000000E+00, 0.000000E+00, 0.000000E+00, 0.000000E+00, 0.000000E+00, 0.000000E+00, 0.000000E+00, 0.000000E+00, 0.000000E+00, 0.000000E+00, 0.000000E+00, 0.000000E+00, 0.000000E+00, 0.000000E+00, 0.000000E+00, 0.000000E+00, 0.000000E+00, 0.000000E+00, 0.000000E+00, 0.000000E+00, 0.000000E+00, 0.000000E+00, 0.000000E+00, 0.000000E+00, 0.000000E+00, 0.000000E+00, 0.000000E+00, 0.000000E+00, 0.000000E+00, 0.000000E+00                      
 0.100000E+02, 0.220289E+02, 0.247555E+03,-0.381438E+00, 0.100375E+06, 0.778979E+02, 0.211821E+02, 0.000000E+00, 0.000000E+00, 0.000000E+00, 0.000000E+00, 0.000000E+00, 0.919976E+00, 0.000000E+00, 0.000000E+00, 0.000000E+00, 0.220171E+02, 0.220289E+02, 0.349965E+01, 0.343408E-01,-0.391182E+00, 0.100375E+06, 0.778945E+02, 0.211804E+02, 0.000000E+00, 0.000000E+00, 0.000000E+00, 0.000000E+00, 0.000000E+00, 0.925077E+00, 0.000000E+00, 0.000000E+00, 0.000000E+00, 0.778939E+02, 0.211810E+02, 0.000000E+00, 0.000000E+00, 0.000000E+00, 0.000000E+00, 0.000000E+00, 0.925103E+00, 0.000000E+00, 0.000000E+00, 0.000000E+00, 0.220161E+02, 0.220284E+02, 0.349965E+01, 0.489305E-01,-0.541311E+00, 0.100374E+06, 0.778945E+02, 0.211804E+02, 0.000000E+00, 0.000000E+00, 0.000000E+00, 0.000000E+00, 0.000000E+00, 0.925103E+00, 0.000000E+00, 0.000000E+00, 0.000000E+00, 0.778939E+02, 0.211810E+02, 0.000000E+00, 0.000000E+00, 0.000000E+00, 0.000000E+00, 0.000000E+00, 0.925131E+00, 0.000000E+00, 0.000000E+00, 0.000000E+00, 0.225118E+02, 0.220300E+02, 0.348481E+01, 0.140648E+01, 0.723926E+00, 0.100376E+06, 0.782343E+02, 0.208408E+02, 0.650540E-02, 0.850654E-04, 0.000000E+00, 0.000000E+00, 0.000000E+00, 0.917792E+00, 0.903567E-02, 0.903567E-02, 0.000000E+00, 0.778924E+02, 0.211824E+02, 0.000000E+00, 0.000000E+00, 0.000000E+00, 0.000000E+00, 0.000000E+00, 0.925194E+00, 0.000000E+00, 0.000000E+00, 0.000000E+00, 0.220291E+02, 0.678132E+03,-0.298841E+00, 0.100375E+06, 0.778939E+02, 0.211810E+02, 0.000000E+00, 0.000000E+00, 0.000000E+00, 0.000000E+00, 0.000000E+00, 0.925131E+00, 0.000000E+00, 0.000000E+00, 0.000000E+00, 0.220179E+02, 0.220292E+02, 0.699930E+01, 0.685632E-01,-0.288466E+00, 0.100333E+06, 0.778847E+02, 0.211897E+02, 0.000000E+00, 0.000000E+00, 0.000000E+00, 0.000000E+00, 0.000000E+00, 0.925513E+00, 0.000000E+00, 0.000000E+00, 0.000000E+00, 0.778845E+02, 0.211900E+02, 0.000000E+00, 0.000000E+00, 0.000000E+00, 0.000000E+00, 0.000000E+00, 0.925525E+00, 0.000000E+00, 0.000000E+00, 0.000000E+00, 0.220161E+02, 0.220284E+02, 0.349965E+01, 0.489305E-01,-0.541308E+00, 0.100333E+06, 0.778851E+02, 0.211894E+02, 0.000000E+00, 0.000000E+00, 0.000000E+00, 0.000000E+00, 0.000000E+00, 0.925497E+00, 0.000000E+00, 0.000000E+00, 0.000000E+00, 0.778845E+02, 0.211900E+02, 0.000000E+00, 0.000000E+00, 0.000000E+00, 0.000000E+00, 0.000000E+00, 0.925525E+00, 0.000000E+00, 0.000000E+00, 0.000000E+00, 0.220172E+02, 0.220288E+02, 0.349965E+01, 0.325157E-01,-0.393695E+00, 0.100333E+06, 0.778851E+02, 0.211894E+02, 0.000000E+00, 0.000000E+00, 0.000000E+00, 0.000000E+00, 0.000000E+00, 0.925500E+00, 0.000000E+00, 0.000000E+00, 0.000000E+00, 0.778845E+02, 0.211900E+02, 0.000000E+00, 0.000000E+00, 0.000000E+00, 0.000000E+00, 0.000000E+00, 0.925525E+00, 0.000000E+00, 0.000000E+00, 0.000000E+00, 0.219914E+02, 0.220008E+02, 0.349965E+01, 0.488663E-01,-0.606123E+00, 0.100291E+06, 0.778754E+02, 0.211987E+02, 0.000000E+00, 0.000000E+00, 0.000000E+00, 0.000000E+00, 0.000000E+00, 0.925901E+00, 0.000000E+00, 0.000000E+00, 0.000000E+00, 0.778780E+02, 0.211974E+02, 0.000000E+00, 0.000000E+00, 0.000000E+00, 0.000000E+00, 0.000000E+00, 0.924607E+00, 0.000000E+00, 0.000000E+00, 0.000000E+00, 0.220172E+02, 0.220288E+02, 0.349965E+01, 0.325158E-01,-0.393693E+00, 0.100291E+06, 0.778757E+02, 0.211985E+02, 0.000000E+00, 0.000000E+00, 0.000000E+00, 0.000000E+00, 0.000000E+00, 0.925894E+00, 0.000000E+00, 0.000000E+00, 0.000000E+00, 0.778750E+02, 0.211990E+02, 0.000000E+00, 0.000000E+00, 0.000000E+00, 0.000000E+00, 0.000000E+00, 0.925919E+00, 0.000000E+00, 0.000000E+00, 0.000000E+00, 0.100000E+01, 0.513327E+00, 0.232558E-04, 0.100000E+04, 0.100000E+04, 0.739000E+03, 0.100000E+04, 0.000000E+00, 0.310000E-01, 0.000000E+00, 0.000000E+00, 0.000000E+00, 0.000000E+00, 0.000000E+00, 0.000000E+00, 0.000000E+00, 0.000000E+00, 0.000000E+00, 0.000000E+00, 0.000000E+00, 0.000000E+00, 0.000000E+00, 0.000000E+00, 0.000000E+00, 0.000000E+00, 0.000000E+00, 0.000000E+00, 0.000000E+00, 0.000000E+00, 0.000000E+00, 0.000000E+00, 0.000000E+00, 0.000000E+00, 0.000000E+00, 0.000000E+00, 0.000000E+00, 0.000000E+00, 0.000000E+00, 0.000000E+00, 0.000000E+00, 0.000000E+00, 0.000000E+00, 0.000000E+00, 0.000000E+00, 0.000000E+00                      
 0.200000E+02, 0.220266E+02, 0.247555E+03,-0.115701E+01, 0.100374E+06, 0.778979E+02, 0.211821E+02, 0.000000E+00, 0.000000E+00, 0.000000E+00, 0.000000E+00, 0.000000E+00, 0.919975E+00, 0.000000E+00, 0.000000E+00, 0.000000E+00, 0.220118E+02, 0.220265E+02, 0.349965E+01, 0.345901E-01,-0.118919E+01, 0.100374E+06, 0.778949E+02, 0.211800E+02, 0.000000E+00, 0.000000E+00, 0.000000E+00, 0.000000E+00, 0.000000E+00, 0.925060E+00, 0.000000E+00, 0.000000E+00, 0.000000E+00, 0.778939E+02, 0.211810E+02, 0.000000E+00, 0.000000E+00, 0.000000E+00, 0.000000E+00, 0.000000E+00, 0.925103E+00, 0.000000E+00, 0.000000E+00, 0.000000E+00, 0.220098E+02, 0.220252E+02, 0.349965E+01, 0.493221E-01,-0.162459E+01, 0.100373E+06, 0.778950E+02, 0.211800E+02, 0.000000E+00, 0.000000E+00, 0.000000E+00, 0.000000E+00, 0.000000E+00, 0.925086E+00, 0.000000E+00, 0.000000E+00, 0.000000E+00, 0.778939E+02, 0.211810E+02, 0.000000E+00, 0.000000E+00, 0.000000E+00, 0.000000E+00, 0.000000E+00, 0.925131E+00, 0.000000E+00, 0.000000E+00, 0.000000E+00, 0.232978E+02, 0.220410E+02, 0.342009E+01, 0.740063E+01, 0.136565E+02, 0.100389E+06, 0.779902E+02, 0.210537E+02, 0.163118E-01, 0.213295E-03, 0.000000E+00, 0.000000E+00, 0.000000E+00, 0.938422E+00, 0.225931E-01, 0.225931E-01, 0.000000E+00, 0.778914E+02, 0.211833E+02, 0.000000E+00, 0.000000E+00, 0.000000E+00, 0.000000E+00, 0.000000E+00, 0.925233E+00, 0.000000E+00, 0.000000E+00, 0.000000E+00, 0.220273E+02, 0.678132E+03,-0.905909E+00, 0.100374E+06, 0.778939E+02, 0.211810E+02, 0.000000E+00, 0.000000E+00, 0.000000E+00, 0.000000E+00, 0.000000E+00, 0.925131E+00, 0.000000E+00, 0.000000E+00, 0.000000E+00, 0.220131E+02, 0.220274E+02, 0.699930E+01, 0.687969E-01,-0.876704E+00, 0.100333E+06, 0.778849E+02, 0.211896E+02, 0.000000E+00, 0.000000E+00, 0.000000E+00, 0.000000E+00, 0.000000E+00, 0.925506E+00, 0.000000E+00, 0.000000E+00, 0.000000E+00, 0.778845E+02, 0.211900E+02, 0.000000E+00, 0.000000E+00, 0.000000E+00, 0.000000E+00, 0.000000E+00, 0.925525E+00, 0.000000E+00, 0.000000E+00, 0.000000E+00, 0.220098E+02, 0.220252E+02, 0.349965E+01, 0.493223E-01,-0.162457E+01, 0.100332E+06, 0.778855E+02, 0.211890E+02, 0.000000E+00, 0.000000E+00, 0.000000E+00, 0.000000E+00, 0.000000E+00, 0.925480E+00, 0.000000E+00, 0.000000E+00, 0.000000E+00, 0.778845E+02, 0.211900E+02, 0.000000E+00, 0.000000E+00, 0.000000E+00, 0.000000E+00, 0.000000E+00, 0.925525E+00, 0.000000E+00, 0.000000E+00, 0.000000E+00, 0.220117E+02, 0.220265E+02, 0.349965E+01, 0.327512E-01,-0.119689E+01, 0.100332E+06, 0.778855E+02, 0.211891E+02, 0.000000E+00, 0.000000E+00, 0.000000E+00, 0.000000E+00, 0.000000E+00, 0.925483E+00, 0.000000E+00, 0.000000E+00, 0.000000E+00, 0.778845E+02, 0.211900E+02, 0.000000E+00, 0.000000E+00, 0.000000E+00, 0.000000E+00, 0.000000E+00, 0.925525E+00, 0.000000E+00, 0.000000E+00, 0.000000E+00, 0.219600E+02, 0.219702E+02, 0.349965E+01, 0.490569E-01,-0.604042E+00, 0.100291E+06, 0.778755E+02, 0.211986E+02, 0.000000E+00, 0.000000E+00, 0.000000E+00, 0.000000E+00, 0.000000E+00, 0.925890E+00, 0.000000E+00, 0.000000E+00, 0.000000E+00, 0.778811E+02, 0.211957E+02, 0.000000E+00, 0.000000E+00, 0.000000E+00, 0.000000E+00, 0.000000E+00, 0.923227E+00, 0.000000E+00, 0.000000E+00, 0.000000E+00, 0.220117E+02, 0.220265E+02, 0.349965E+01, 0.327514E-01,-0.119688E+01, 0.100291E+06, 0.778761E+02, 0.211981E+02, 0.000000E+00, 0.000000E+00, 0.000000E+00, 0.000000E+00, 0.000000E+00, 0.925877E+00, 0.000000E+00, 0.000000E+00, 0.000000E+00, 0.778750E+02, 0.211990E+02, 0.000000E+00, 0.000000E+00, 0.000000E+00, 0.000000E+00, 0.000000E+00, 0.925919E+00, 0.000000E+00, 0.000000E+00, 0.000000E+00, 0.100000E+01, 0.824144E+00, 0.116279E-03, 0.500000E+04, 0.500000E+04, 0.369500E+04, 0.500000E+04, 0.000000E+00, 0.243359E+00, 0.000000E+00, 0.000000E+00, 0.000000E+00, 0.000000E+00, 0.000000E+00, 0.000000E+00, 0.000000E+00, 0.000000E+00, 0.000000E+00, 0.000000E+00, 0.000000E+00, 0.000000E+00, 0.000000E+00, 0.000000E+00, 0.000000E+00, 0.000000E+00, 0.000000E+00, 0.000000E+00, 0.000000E+00, 0.000000E+00, 0.000000E+00, 0.000000E+00, 0.000000E+00, 0.000000E+00, 0.000000E+00, 0.000000E+00, 0.000000E+00, 0.000000E+00, 0.000000E+00, 0.000000E+00, 0.000000E+00, 0.000000E+00, 0.000000E+00, 0.000000E+00, 0.000000E+00, 0.000000E+00                      
 0.300000E+02, 0.220235E+02, 0.247555E+03,-0.219151E+01, 0.100373E+06, 0.778979E+02, 0.211821E+02, 0.000000E+00, 0.000000E+00, 0.000000E+00, 0.000000E+00, 0.000000E+00, 0.919975E+00, 0.000000E+00, 0.000000E+00, 0.000000E+00, 0.220066E+02, 0.220234E+02, 0.349964E+01, 0.349387E-01,-0.225498E+01, 0.100373E+06, 0.778952E+02, 0.211797E+02, 0.000000E+00, 0.000000E+00, 0.000000E+00, 0.000000E+00, 0.000000E+00, 0.925047E+00, 0.000000E+00, 0.000000E+00, 0.000000E+00, 0.778939E+02, 0.211810E+02, 0.000000E+00, 0.000000E+00, 0.000000E+00, 0.000000E+00, 0.000000E+00, 0.925103E+00, 0.000000E+00, 0.000000E+00, 0.000000E+00, 0.220036E+02, 0.220210E+02, 0.349964E+01, 0.498634E-01,-0.305279E+01, 0.100372E+06, 0.778952E+02, 0.211797E+02, 0.000000E+00, 0.000000E+00, 0.000000E+00, 0.000000E+00, 0.000000E+00, 0.925074E+00, 0.000000E+00, 0.000000E+00, 0.000000E+00, 0.778939E+02, 0.211810E+02, 0.000000E+00, 0.000000E+00, 0.000000E+00, 0.000000E+00, 0.000000E+00, 0.925131E+00, 0.000000E+00, 0.000000E+00, 0.000000E+00, 0.242154E+02, 0.220740E+02, 0.333360E+01, 0.154102E+02, 0.500546E+02, 0.100425E+06, 0.779419E+02, 0.210750E+02, 0.278641E-01, 0.364354E-03, 0.000000E+00, 0.000000E+00, 0.000000E+00, 0.952708E+00, 0.384872E-01, 0.384872E-01, 0.000000E+00, 0.778908E+02, 0.211839E+02, 0.000000E+00, 0.000000E+00, 0.000000E+00, 0.000000E+00, 0.000000E+00, 0.925259E+00, 0.000000E+00, 0.000000E+00, 0.000000E+00, 0.220249E+02, 0.678132E+03,-0.171699E+01, 0.100373E+06, 0.778939E+02, 0.211810E+02, 0.000000E+00, 0.000000E+00, 0.000000E+00, 0.000000E+00, 0.000000E+00, 0.925131E+00, 0.000000E+00, 0.000000E+00, 0.000000E+00, 0.220087E+02, 0.220251E+02, 0.699929E+01, 0.691270E-01,-0.166434E+01, 0.100332E+06, 0.778851E+02, 0.211894E+02, 0.000000E+00, 0.000000E+00, 0.000000E+00, 0.000000E+00, 0.000000E+00, 0.925500E+00, 0.000000E+00, 0.000000E+00, 0.000000E+00, 0.778845E+02, 0.211900E+02, 0.000000E+00, 0.000000E+00, 0.000000E+00, 0.000000E+00, 0.000000E+00, 0.925525E+00, 0.000000E+00, 0.000000E+00, 0.000000E+00, 0.220036E+02, 0.220210E+02, 0.349964E+01, 0.498638E-01,-0.305274E+01, 0.100330E+06, 0.778858E+02, 0.211887E+02, 0.000000E+00, 0.000000E+00, 0.000000E+00, 0.000000E+00, 0.000000E+00, 0.925468E+00, 0.000000E+00, 0.000000E+00, 0.000000E+00, 0.778845E+02, 0.211900E+02, 0.000000E+00, 0.000000E+00, 0.000000E+00, 0.000000E+00, 0.000000E+00, 0.925525E+00, 0.000000E+00, 0.000000E+00, 0.000000E+00, 0.220066E+02, 0.220233E+02, 0.349964E+01, 0.330806E-01,-0.226958E+01, 0.100331E+06, 0.778858E+02, 0.211887E+02, 0.000000E+00, 0.000000E+00, 0.000000E+00, 0.000000E+00, 0.000000E+00, 0.925469E+00, 0.000000E+00, 0.000000E+00, 0.000000E+00, 0.778845E+02, 0.211900E+02, 0.000000E+00, 0.000000E+00, 0.000000E+00, 0.000000E+00, 0.000000E+00, 0.925525E+00, 0.000000E+00, 0.000000E+00, 0.000000E+00, 0.219297E+02, 0.219398E+02, 0.349965E+01, 0.492586E-01,-0.601950E+00, 0.100291E+06, 0.778755E+02, 0.211986E+02, 0.000000E+00, 0.000000E+00, 0.000000E+00, 0.000000E+00, 0.000000E+00, 0.925877E+00, 0.000000E+00, 0.000000E+00, 0.000000E+00, 0.778842E+02, 0.211940E+02, 0.000000E+00, 0.000000E+00, 0.000000E+00, 0.000000E+00, 0.000000E+00, 0.921855E+00, 0.000000E+00, 0.000000E+00, 0.000000E+00, 0.220066E+02, 0.220233E+02, 0.349964E+01, 0.330809E-01,-0.226955E+01, 0.100290E+06, 0.778764E+02, 0.211978E+02, 0.000000E+00, 0.000000E+00, 0.000000E+00, 0.000000E+00, 0.000000E+00, 0.925863E+00, 0.000000E+00, 0.000000E+00, 0.000000E+00, 0.778750E+02, 0.211990E+02, 0.000000E+00, 0.000000E+00, 0.000000E+00, 0.000000E+00, 0.000000E+00, 0.925919E+00, 0.000000E+00, 0.000000E+00, 0.000000E+00, 0.100000E+01, 0.102824E+01, 0.279070E-03, 0.120000E+05, 0.120000E+05, 0.886800E+04, 0.120000E+05, 0.000000E+00, 0.430951E+00, 0.000000E+00, 0.000000E+00, 0.000000E+00, 0.000000E+00, 0.000000E+00, 0.000000E+00, 0.000000E+00, 0.000000E+00, 0.000000E+00, 0.000000E+00, 0.000000E+00, 0.000000E+00, 0.000000E+00, 0.000000E+00, 0.000000E+00, 0.000000E+00, 0.000000E+00, 0.000000E+00, 0.000000E+00, 0.000000E+00, 0.000000E+00, 0.000000E+00, 0.000000E+00, 0.000000E+00, 0.000000E+00, 0.000000E+00, 0.000000E+00, 0.000000E+00, 0.000000E+00, 0.000000E+00, 0.000000E+00, 0.000000E+00, 0.000000E+00, 0.000000E+00, 0.000000E+00, 0.000000E+00                      
 0.400000E+02, 0.220198E+02, 0.247555E+03,-0.343042E+01, 0.100372E+06, 0.778979E+02, 0.211821E+02, 0.000000E+00, 0.000000E+00, 0.000000E+00, 0.000000E+00, 0.000000E+00, 0.919975E+00, 0.000000E+00, 0.000000E+00, 0.000000E+00, 0.220017E+02, 0.220196E+02, 0.349964E+01, 0.353695E-01,-0.353261E+01, 0.100371E+06, 0.779051E+02, 0.211703E+02, 0.000000E+00, 0.000000E+00, 0.000000E+00, 0.000000E+00, 0.000000E+00, 0.924634E+00, 0.000000E+00, 0.000000E+00, 0.000000E+00, 0.778939E+02, 0.211810E+02, 0.000000E+00, 0.000000E+00, 0.000000E+00, 0.000000E+00, 0.000000E+00, 0.925103E+00, 0.000000E+00, 0.000000E+00, 0.000000E+00, 0.219968E+02, 0.220160E+02, 0.349964E+01, 0.505234E-01,-0.474625E+01, 0.100370E+06, 0.778954E+02, 0.211795E+02, 0.000000E+00, 0.000000E+00, 0.000000E+00, 0.000000E+00, 0.000000E+00, 0.925067E+00, 0.000000E+00, 0.000000E+00, 0.000000E+00, 0.778939E+02, 0.211810E+02, 0.000000E+00, 0.000000E+00, 0.000000E+00, 0.000000E+00, 0.000000E+00, 0.925131E+00, 0.000000E+00, 0.000000E+00, 0.000000E+00, 0.254034E+02, 0.221440E+02, 0.322903E+01, 0.250945E+02, 0.125442E+03, 0.100500E+06, 0.779162E+02, 0.210681E+02, 0.426022E-01, 0.557072E-03, 0.000000E+00, 0.000000E+00, 0.000000E+00, 0.969436E+00, 0.586537E-01, 0.586537E-01, 0.000000E+00, 0.778903E+02, 0.211844E+02, 0.000000E+00, 0.000000E+00, 0.000000E+00, 0.000000E+00, 0.000000E+00, 0.925281E+00, 0.000000E+00, 0.000000E+00, 0.000000E+00, 0.220220E+02, 0.678132E+03,-0.269078E+01, 0.100372E+06, 0.778939E+02, 0.211810E+02, 0.000000E+00, 0.000000E+00, 0.000000E+00, 0.000000E+00, 0.000000E+00, 0.925131E+00, 0.000000E+00, 0.000000E+00, 0.000000E+00, 0.220044E+02, 0.220223E+02, 0.699929E+01, 0.695371E-01,-0.261146E+01, 0.100331E+06, 0.778852E+02, 0.211893E+02, 0.000000E+00, 0.000000E+00, 0.000000E+00, 0.000000E+00, 0.000000E+00, 0.925495E+00, 0.000000E+00, 0.000000E+00, 0.000000E+00, 0.778845E+02, 0.211900E+02, 0.000000E+00, 0.000000E+00, 0.000000E+00, 0.000000E+00, 0.000000E+00, 0.925525E+00, 0.000000E+00, 0.000000E+00, 0.000000E+00, 0.219968E+02, 0.220160E+02, 0.349964E+01, 0.505241E-01,-0.474614E+01, 0.100329E+06, 0.778860E+02, 0.211886E+02, 0.000000E+00, 0.000000E+00, 0.000000E+00, 0.000000E+00, 0.000000E+00, 0.925461E+00, 0.000000E+00, 0.000000E+00, 0.000000E+00, 0.778845E+02, 0.211900E+02, 0.000000E+00, 0.000000E+00, 0.000000E+00, 0.000000E+00, 0.000000E+00, 0.925525E+00, 0.000000E+00, 0.000000E+00, 0.000000E+00, 0.220016E+02, 0.220195E+02, 0.349964E+01, 0.334877E-01,-0.355539E+01, 0.100330E+06, 0.778957E+02, 0.211793E+02, 0.000000E+00, 0.000000E+00, 0.000000E+00, 0.000000E+00, 0.000000E+00, 0.925056E+00, 0.000000E+00, 0.000000E+00, 0.000000E+00, 0.778845E+02, 0.211900E+02, 0.000000E+00, 0.000000E+00, 0.000000E+00, 0.000000E+00, 0.000000E+00, 0.925525E+00, 0.000000E+00, 0.000000E+00, 0.000000E+00, 0.219001E+02, 0.219096E+02, 0.349965E+01, 0.494451E-01,-0.599865E+00, 0.100291E+06, 0.778755E+02, 0.211986E+02, 0.000000E+00, 0.000000E+00, 0.000000E+00, 0.000000E+00, 0.000000E+00, 0.925861E+00, 0.000000E+00, 0.000000E+00, 0.000000E+00, 0.778872E+02, 0.211923E+02, 0.000000E+00, 0.000000E+00, 0.000000E+00, 0.000000E+00, 0.000000E+00, 0.920489E+00, 0.000000E+00, 0.000000E+00, 0.000000E+00, 0.220016E+02, 0.220195E+02, 0.349964E+01, 0.334881E-01,-0.355533E+01, 0.100288E+06, 0.778863E+02, 0.211883E+02, 0.000000E+00, 0.000000E+00, 0.000000E+00, 0.000000E+00, 0.000000E+00, 0.925448E+00, 0.000000E+00, 0.000000E+00, 0.000000E+00, 0.778750E+02, 0.211990E+02, 0.000000E+00, 0.000000E+00, 0.000000E+00, 0.000000E+00, 0.000000E+00, 0.925919E+00, 0.000000E+00, 0.000000E+00, 0.000000E+00, 0.100000E+01, 0.119600E+01, 0.511628E-03, 0.220000E+05, 0.220000E+05, 0.162580E+05, 0.220000E+05, 0.000000E+00, 0.551805E+00, 0.000000E+00, 0.000000E+00, 0.000000E+00, 0.000000E+00, 0.000000E+00, 0.000000E+00, 0.000000E+00, 0.000000E+00, 0.000000E+00, 0.000000E+00, 0.000000E+00, 0.000000E+00, 0.000000E+00, 0.000000E+00, 0.000000E+00, 0.000000E+00, 0.000000E+00, 0.000000E+00, 0.000000E+00, 0.000000E+00, 0.000000E+00, 0.000000E+00, 0.000000E+00, 0.000000E+00, 0.000000E+00, 0.000000E+00, 0.000000E+00, 0.000000E+00, 0.000000E+00, 0.000000E+00, 0.000000E+00, 0.000000E+00, 0.000000E+00, 0.000000E+00, 0.000000E+00, 0.000000E+00                      
 0.500000E+02, 0.220156E+02, 0.247555E+03,-0.483975E+01, 0.100370E+06, 0.778979E+02, 0.211821E+02, 0.000000E+00, 0.000000E+00, 0.000000E+00, 0.000000E+00, 0.000000E+00, 0.919975E+00, 0.000000E+00, 0.000000E+00, 0.000000E+00, 0.219969E+02, 0.220153E+02, 0.349963E+01, 0.358693E-01,-0.498603E+01, 0.100370E+06, 0.779137E+02, 0.211620E+02, 0.000000E+00, 0.000000E+00, 0.000000E+00, 0.000000E+00, 0.000000E+00, 0.924273E+00, 0.000000E+00, 0.000000E+00, 0.000000E+00, 0.778939E+02, 0.211810E+02, 0.000000E+00, 0.000000E+00, 0.000000E+00, 0.000000E+00, 0.000000E+00, 0.925103E+00, 0.000000E+00, 0.000000E+00, 0.000000E+00, 0.219896E+02, 0.220104E+02, 0.349963E+01, 0.512812E-01,-0.665521E+01, 0.100368E+06, 0.778924E+02, 0.211824E+02, 0.000000E+00, 0.000000E+00, 0.000000E+00, 0.000000E+00, 0.000000E+00, 0.925192E+00, 0.000000E+00, 0.000000E+00, 0.000000E+00, 0.778939E+02, 0.211810E+02, 0.000000E+00, 0.000000E+00, 0.000000E+00, 0.000000E+00, 0.000000E+00, 0.925131E+00, 0.000000E+00, 0.000000E+00, 0.000000E+00, 0.267557E+02, 0.222595E+02, 0.311117E+01, 0.360099E+02, 0.249112E+03, 0.100624E+06, 0.778970E+02, 0.210510E+02, 0.590992E-01, 0.772790E-03, 0.000000E+00, 0.000000E+00, 0.000000E+00, 0.987757E+00, 0.810994E-01, 0.810994E-01, 0.000000E+00, 0.778899E+02, 0.211848E+02, 0.000000E+00, 0.000000E+00, 0.000000E+00, 0.000000E+00, 0.000000E+00, 0.925296E+00, 0.000000E+00, 0.000000E+00, 0.000000E+00, 0.220187E+02, 0.678132E+03,-0.380179E+01, 0.100371E+06, 0.778939E+02, 0.211810E+02, 0.000000E+00, 0.000000E+00, 0.000000E+00, 0.000000E+00, 0.000000E+00, 0.925131E+00, 0.000000E+00, 0.000000E+00, 0.000000E+00, 0.220000E+02, 0.220191E+02, 0.699928E+01, 0.700163E-01,-0.369340E+01, 0.100330E+06, 0.778853E+02, 0.211892E+02, 0.000000E+00, 0.000000E+00, 0.000000E+00, 0.000000E+00, 0.000000E+00, 0.925491E+00, 0.000000E+00, 0.000000E+00, 0.000000E+00, 0.778845E+02, 0.211900E+02, 0.000000E+00, 0.000000E+00, 0.000000E+00, 0.000000E+00, 0.000000E+00, 0.925525E+00, 0.000000E+00, 0.000000E+00, 0.000000E+00, 0.219896E+02, 0.220104E+02, 0.349963E+01, 0.512821E-01,-0.665503E+01, 0.100327E+06, 0.778830E+02, 0.211914E+02, 0.000000E+00, 0.000000E+00, 0.000000E+00, 0.000000E+00, 0.000000E+00, 0.925587E+00, 0.000000E+00, 0.000000E+00, 0.000000E+00, 0.778845E+02, 0.211900E+02, 0.000000E+00, 0.000000E+00, 0.000000E+00, 0.000000E+00, 0.000000E+00, 0.925525E+00, 0.000000E+00, 0.000000E+00, 0.000000E+00, 0.219968E+02, 0.220152E+02, 0.349963E+01, 0.339598E-01,-0.501801E+01, 0.100328E+06, 0.779042E+02, 0.211711E+02, 0.000000E+00, 0.000000E+00, 0.000000E+00, 0.000000E+00, 0.000000E+00, 0.924698E+00, 0.000000E+00, 0.000000E+00, 0.000000E+00, 0.778845E+02, 0.211900E+02, 0.000000E+00, 0.000000E+00, 0.000000E+00, 0.000000E+00, 0.000000E+00, 0.925525E+00, 0.000000E+00, 0.000000E+00, 0.000000E+00, 0.218712E+02, 0.218797E+02, 0.349964E+01, 0.496024E-01,-0.597797E+00, 0.100291E+06, 0.778755E+02, 0.211987E+02, 0.000000E+00, 0.000000E+00, 0.000000E+00, 0.000000E+00, 0.000000E+00, 0.925844E+00, 0.000000E+00, 0.000000E+00, 0.000000E+00, 0.778903E+02, 0.211906E+02, 0.000000E+00, 0.000000E+00, 0.000000E+00, 0.000000E+00, 0.000000E+00, 0.919131E+00, 0.000000E+00, 0.000000E+00, 0.000000E+00, 0.219968E+02, 0.220152E+02, 0.349963E+01, 0.339604E-01,-0.501790E+01, 0.100287E+06, 0.778949E+02, 0.211800E+02, 0.000000E+00, 0.000000E+00, 0.000000E+00, 0.000000E+00, 0.000000E+00, 0.925089E+00, 0.000000E+00, 0.000000E+00, 0.000000E+00, 0.778750E+02, 0.211990E+02, 0.000000E+00, 0.000000E+00, 0.000000E+00, 0.000000E+00, 0.000000E+00, 0.925919E+00, 0.000000E+00, 0.000000E+00, 0.000000E+00, 0.100000E+01, 0.130408E+01, 0.790698E-03, 0.340000E+05, 0.340000E+05, 0.251260E+05, 0.340000E+05, 0.000000E+00, 0.658562E+00, 0.000000E+00, 0.000000E+00, 0.000000E+00, 0.000000E+00, 0.000000E+00, 0.000000E+00, 0.000000E+00, 0.000000E+00, 0.000000E+00, 0.000000E+00, 0.000000E+00, 0.000000E+00, 0.000000E+00, 0.000000E+00, 0.000000E+00, 0.000000E+00, 0.000000E+00, 0.000000E+00, 0.000000E+00, 0.000000E+00, 0.000000E+00, 0.000000E+00, 0.000000E+00, 0.000000E+00, 0.000000E+00, 0.000000E+00, 0.000000E+00, 0.000000E+00, 0.000000E+00, 0.000000E+00, 0.000000E+00, 0.000000E+00, 0.000000E+00, 0.000000E+00, 0.000000E+00, 0.000000E+00                      
 0.599999E+02, 0.220110E+02, 0.247555E+03,-0.639512E+01, 0.100369E+06, 0.778980E+02, 0.211821E+02, 0.000000E+00, 0.000000E+00, 0.000000E+00, 0.000000E+00, 0.000000E+00, 0.919975E+00, 0.000000E+00, 0.000000E+00, 0.000000E+00, 0.219901E+02, 0.220106E+02, 0.349963E+01, 0.364271E-01,-0.659012E+01, 0.100368E+06, 0.779153E+02, 0.211605E+02, 0.000000E+00, 0.000000E+00, 0.000000E+00, 0.000000E+00, 0.000000E+00, 0.924207E+00, 0.000000E+00, 0.000000E+00, 0.000000E+00, 0.778939E+02, 0.211810E+02, 0.000000E+00, 0.000000E+00, 0.000000E+00, 0.000000E+00, 0.000000E+00, 0.925103E+00, 0.000000E+00, 0.000000E+00, 0.000000E+00, 0.219832E+02, 0.220043E+02, 0.349963E+01, 0.521238E-01,-0.874424E+01, 0.100366E+06, 0.778924E+02, 0.211824E+02, 0.000000E+00, 0.000000E+00, 0.000000E+00, 0.000000E+00, 0.000000E+00, 0.925193E+00, 0.000000E+00, 0.000000E+00, 0.000000E+00, 0.778939E+02, 0.211810E+02, 0.000000E+00, 0.000000E+00, 0.000000E+00, 0.000000E+00, 0.000000E+00, 0.925131E+00, 0.000000E+00, 0.000000E+00, 0.000000E+00, 0.283106E+02, 0.224324E+02, 0.298242E+01, 0.479330E+02, 0.433566E+03, 0.100809E+06, 0.778813E+02, 0.210260E+02, 0.776967E-01, 0.101597E-02, 0.000000E+00, 0.000000E+00, 0.000000E+00, 0.100816E+01, 0.106266E+00, 0.106266E+00, 0.000000E+00, 0.778896E+02, 0.211851E+02, 0.000000E+00, 0.000000E+00, 0.000000E+00, 0.000000E+00, 0.000000E+00, 0.925311E+00, 0.000000E+00, 0.000000E+00, 0.000000E+00, 0.220151E+02, 0.678132E+03,-0.503189E+01, 0.100370E+06, 0.778939E+02, 0.211810E+02, 0.000000E+00, 0.000000E+00, 0.000000E+00, 0.000000E+00, 0.000000E+00, 0.925131E+00, 0.000000E+00, 0.000000E+00, 0.000000E+00, 0.219954E+02, 0.220156E+02, 0.699928E+01, 0.705568E-01,-0.489261E+01, 0.100329E+06, 0.778854E+02, 0.211892E+02, 0.000000E+00, 0.000000E+00, 0.000000E+00, 0.000000E+00, 0.000000E+00, 0.925487E+00, 0.000000E+00, 0.000000E+00, 0.000000E+00, 0.778845E+02, 0.211900E+02, 0.000000E+00, 0.000000E+00, 0.000000E+00, 0.000000E+00, 0.000000E+00, 0.925525E+00, 0.000000E+00, 0.000000E+00, 0.000000E+00, 0.219832E+02, 0.220043E+02, 0.349963E+01, 0.521251E-01,-0.874394E+01, 0.100325E+06, 0.778830E+02, 0.211914E+02, 0.000000E+00, 0.000000E+00, 0.000000E+00, 0.000000E+00, 0.000000E+00, 0.925587E+00, 0.000000E+00, 0.000000E+00, 0.000000E+00, 0.778845E+02, 0.211900E+02, 0.000000E+00, 0.000000E+00, 0.000000E+00, 0.000000E+00, 0.000000E+00, 0.925525E+00, 0.000000E+00, 0.000000E+00, 0.000000E+00, 0.219900E+02, 0.220105E+02, 0.349963E+01, 0.344867E-01,-0.663208E+01, 0.100327E+06, 0.779058E+02, 0.211696E+02, 0.000000E+00, 0.000000E+00, 0.000000E+00, 0.000000E+00, 0.000000E+00, 0.924633E+00, 0.000000E+00, 0.000000E+00, 0.000000E+00, 0.778845E+02, 0.211900E+02, 0.000000E+00, 0.000000E+00, 0.000000E+00, 0.000000E+00, 0.000000E+00, 0.925525E+00, 0.000000E+00, 0.000000E+00, 0.000000E+00, 0.218429E+02, 0.218502E+02, 0.349964E+01, 0.497234E-01,-0.595750E+00, 0.100291E+06, 0.778754E+02, 0.211987E+02, 0.000000E+00, 0.000000E+00, 0.000000E+00, 0.000000E+00, 0.000000E+00, 0.925829E+00, 0.000000E+00, 0.000000E+00, 0.000000E+00, 0.778933E+02, 0.211889E+02, 0.000000E+00, 0.000000E+00, 0.000000E+00, 0.000000E+00, 0.000000E+00, 0.917781E+00, 0.000000E+00, 0.000000E+00, 0.000000E+00, 0.219900E+02, 0.220105E+02, 0.349963E+01, 0.344875E-01,-0.663191E+01, 0.100285E+06, 0.778965E+02, 0.211785E+02, 0.000000E+00, 0.000000E+00, 0.000000E+00, 0.000000E+00, 0.000000E+00, 0.925023E+00, 0.000000E+00, 0.000000E+00, 0.000000E+00, 0.778750E+02, 0.211990E+02, 0.000000E+00, 0.000000E+00, 0.000000E+00, 0.000000E+00, 0.000000E+00, 0.925919E+00, 0.000000E+00, 0.000000E+00, 0.000000E+00, 0.100000E+01, 0.141181E+01, 0.116279E-02, 0.499999E+05, 0.499999E+05, 0.369499E+05, 0.499999E+05, 0.000000E+00, 0.741988E+00, 0.000000E+00, 0.000000E+00, 0.000000E+00, 0.000000E+00, 0.000000E+00, 0.000000E+00, 0.000000E+00, 0.000000E+00, 0.000000E+00, 0.000000E+00, 0.000000E+00, 0.000000E+00, 0.000000E+00, 0.000000E+00, 0.000000E+00, 0.000000E+00, 0.000000E+00, 0.000000E+00, 0.000000E+00, 0.000000E+00, 0.000000E+00, 0.000000E+00, 0.000000E+00, 0.000000E+00, 0.000000E+00, 0.000000E+00, 0.000000E+00, 0.000000E+00, 0.000000E+00, 0.000000E+00, 0.000000E+00, 0.000000E+00, 0.000000E+00, 0.000000E+00, 0.000000E+00, 0.000000E+00                      
 0.700000E+02, 0.218298E+02, 0.247555E+03,-0.485741E+00, 0.100375E+06, 0.779169E+02, 0.211717E+02, 0.000000E+00, 0.000000E+00, 0.000000E+00, 0.000000E+00, 0.000000E+00, 0.911410E+00, 0.000000E+00, 0.000000E+00, 0.000000E+00, 0.219831E+02, 0.220110E+02, 0.348461E+01, 0.150549E+01,-0.552863E+00, 0.100374E+06, 0.778384E+02, 0.212422E+02, 0.000000E+00, 0.000000E+00, 0.000000E+00, 0.000000E+00, 0.000000E+00, 0.919356E+00, 0.000000E+00, 0.000000E+00, 0.000000E+00, 0.778943E+02, 0.211807E+02, 0.000000E+00, 0.000000E+00, 0.000000E+00, 0.000000E+00, 0.000000E+00, 0.925020E+00, 0.000000E+00, 0.000000E+00, 0.000000E+00, 0.219860E+02, 0.220063E+02, 0.348423E+01, 0.219707E+01,-0.612473E+00, 0.100374E+06, 0.779076E+02, 0.211679E+02, 0.000000E+00, 0.000000E+00, 0.000000E+00, 0.000000E+00, 0.000000E+00, 0.924504E+00, 0.000000E+00, 0.000000E+00, 0.000000E+00, 0.778938E+02, 0.211811E+02, 0.000000E+00, 0.000000E+00, 0.000000E+00, 0.000000E+00, 0.000000E+00, 0.925134E+00, 0.000000E+00, 0.000000E+00, 0.000000E+00, 0.300938E+02, 0.226734E+02, 0.284590E+01, 0.605761E+02, 0.690624E+03, 0.101066E+06, 0.778656E+02, 0.209959E+02, 0.986776E-01, 0.129032E-02, 0.000000E+00, 0.000000E+00, 0.000000E+00, 0.103109E+01, 0.134511E+00, 0.134511E+00, 0.000000E+00, 0.778894E+02, 0.211853E+02, 0.000000E+00, 0.000000E+00, 0.000000E+00, 0.000000E+00, 0.000000E+00, 0.925318E+00, 0.000000E+00, 0.000000E+00, 0.000000E+00, 0.219085E+02, 0.678132E+03,-0.668213E+00, 0.100374E+06, 0.779051E+02, 0.211749E+02, 0.000000E+00, 0.000000E+00, 0.000000E+00, 0.000000E+00, 0.000000E+00, 0.920041E+00, 0.000000E+00, 0.000000E+00, 0.000000E+00, 0.219891E+02, 0.220101E+02, 0.699881E+01, 0.116582E+00,-0.819312E+01, 0.100325E+06, 0.778982E+02, 0.211768E+02, 0.000000E+00, 0.000000E+00, 0.000000E+00, 0.000000E+00, 0.000000E+00, 0.924950E+00, 0.000000E+00, 0.000000E+00, 0.000000E+00, 0.778845E+02, 0.211900E+02, 0.000000E+00, 0.000000E+00, 0.000000E+00, 0.000000E+00, 0.000000E+00, 0.925525E+00, 0.000000E+00, 0.000000E+00, 0.000000E+00, 0.219780E+02, 0.220000E+02, 0.349923E+01, 0.107305E+00,-0.819267E+01, 0.100325E+06, 0.778987E+02, 0.211764E+02, 0.000000E+00, 0.000000E+00, 0.000000E+00, 0.000000E+00, 0.000000E+00, 0.924929E+00, 0.000000E+00, 0.000000E+00, 0.000000E+00, 0.778845E+02, 0.211900E+02, 0.000000E+00, 0.000000E+00, 0.000000E+00, 0.000000E+00, 0.000000E+00, 0.925525E+00, 0.000000E+00, 0.000000E+00, 0.000000E+00, 0.219840E+02, 0.220054E+02, 0.349962E+01, 0.350633E-01,-0.837800E+01, 0.100325E+06, 0.779056E+02, 0.211698E+02, 0.000000E+00, 0.000000E+00, 0.000000E+00, 0.000000E+00, 0.000000E+00, 0.924642E+00, 0.000000E+00, 0.000000E+00, 0.000000E+00, 0.778845E+02, 0.211900E+02, 0.000000E+00, 0.000000E+00, 0.000000E+00, 0.000000E+00, 0.000000E+00, 0.925525E+00, 0.000000E+00, 0.000000E+00, 0.000000E+00, 0.219195E+02, 0.218512E+02, 0.342651E+01, 0.102372E+02, 0.113358E+01, 0.100293E+06, 0.778830E+02, 0.211947E+02, 0.000000E+00, 0.000000E+00, 0.000000E+00, 0.000000E+00, 0.000000E+00, 0.922308E+00, 0.000000E+00, 0.000000E+00, 0.000000E+00, 0.778937E+02, 0.211885E+02, 0.000000E+00, 0.000000E+00, 0.000000E+00, 0.000000E+00, 0.000000E+00, 0.917784E+00, 0.000000E+00, 0.000000E+00, 0.000000E+00, 0.219904E+02, 0.220130E+02, 0.349848E+01, 0.141015E+00, 0.112723E+01, 0.100293E+06, 0.779117E+02, 0.211695E+02, 0.000000E+00, 0.000000E+00, 0.000000E+00, 0.000000E+00, 0.000000E+00, 0.918855E+00, 0.000000E+00, 0.000000E+00, 0.000000E+00, 0.778751E+02, 0.211990E+02, 0.000000E+00, 0.000000E+00, 0.000000E+00, 0.000000E+00, 0.000000E+00, 0.925911E+00, 0.000000E+00, 0.000000E+00, 0.000000E+00, 0.100000E+01, 0.146144E+01, 0.158140E-02, 0.680000E+05, 0.680000E+05, 0.502520E+05, 0.680000E+05, 0.000000E+00, 0.840138E+00, 0.000000E+00, 0.000000E+00, 0.000000E+00, 0.000000E+00, 0.000000E+00, 0.000000E+00, 0.000000E+00, 0.000000E+00, 0.000000E+00, 0.000000E+00, 0.000000E+00, 0.000000E+00, 0.000000E+00, 0.000000E+00, 0.000000E+00, 0.000000E+00, 0.000000E+00, 0.000000E+00, 0.000000E+00, 0.000000E+00, 0.000000E+00, 0.000000E+00, 0.000000E+00, 0.000000E+00, 0.000000E+00, 0.000000E+00, 0.000000E+00, 0.000000E+00, 0.000000E+00, 0.000000E+00, 0.000000E+00, 0.000000E+00, 0.000000E+00, 0.000000E+00, 0.000000E+00, 0.000000E+00                      
 0.800000E+02, 0.216449E+02, 0.247555E+03,-0.476077E+00, 0.100375E+06, 0.779361E+02, 0.211611E+02, 0.000000E+00, 0.000000E+00, 0.000000E+00, 0.000000E+00, 0.000000E+00, 0.902766E+00, 0.000000E+00, 0.000000E+00, 0.000000E+00, 0.219776E+02, 0.220039E+02, 0.347919E+01, 0.203555E+01,-0.549776E+00, 0.100374E+06, 0.778246E+02, 0.212575E+02, 0.000000E+00, 0.000000E+00, 0.000000E+00, 0.000000E+00, 0.000000E+00, 0.917893E+00, 0.000000E+00, 0.000000E+00, 0.000000E+00, 0.778948E+02, 0.211803E+02, 0.000000E+00, 0.000000E+00, 0.000000E+00, 0.000000E+00, 0.000000E+00, 0.924828E+00, 0.000000E+00, 0.000000E+00, 0.000000E+00, 0.219800E+02, 0.220012E+02, 0.346843E+01, 0.439778E+01,-0.608830E+00, 0.100374E+06, 0.779006E+02, 0.211747E+02, 0.000000E+00, 0.000000E+00, 0.000000E+00, 0.000000E+00, 0.000000E+00, 0.924742E+00, 0.000000E+00, 0.000000E+00, 0.000000E+00, 0.778938E+02, 0.211811E+02, 0.000000E+00, 0.000000E+00, 0.000000E+00, 0.000000E+00, 0.000000E+00, 0.925133E+00, 0.000000E+00, 0.000000E+00, 0.000000E+00, 0.320880E+02, 0.229888E+02, 0.270415E+01, 0.737033E+02, 0.102787E+04, 0.101403E+06, 0.778507E+02, 0.209605E+02, 0.121816E+00, 0.159289E-02, 0.000000E+00, 0.000000E+00, 0.000000E+00, 0.105629E+01, 0.165521E+00, 0.165521E+00, 0.000000E+00, 0.778892E+02, 0.211854E+02, 0.000000E+00, 0.000000E+00, 0.000000E+00, 0.000000E+00, 0.000000E+00, 0.925325E+00, 0.000000E+00, 0.000000E+00, 0.000000E+00, 0.217986E+02, 0.678132E+03,-0.659890E+00, 0.100374E+06, 0.779164E+02, 0.211687E+02, 0.000000E+00, 0.000000E+00, 0.000000E+00, 0.000000E+00, 0.000000E+00, 0.914898E+00, 0.000000E+00, 0.000000E+00, 0.000000E+00, 0.219839E+02, 0.220057E+02, 0.699824E+01, 0.172201E+00,-0.100026E+02, 0.100323E+06, 0.778980E+02, 0.211770E+02, 0.000000E+00, 0.000000E+00, 0.000000E+00, 0.000000E+00, 0.000000E+00, 0.924958E+00, 0.000000E+00, 0.000000E+00, 0.000000E+00, 0.778845E+02, 0.211900E+02, 0.000000E+00, 0.000000E+00, 0.000000E+00, 0.000000E+00, 0.000000E+00, 0.925525E+00, 0.000000E+00, 0.000000E+00, 0.000000E+00, 0.219702E+02, 0.219934E+02, 0.349878E+01, 0.169312E+00,-0.100021E+02, 0.100323E+06, 0.778995E+02, 0.211756E+02, 0.000000E+00, 0.000000E+00, 0.000000E+00, 0.000000E+00, 0.000000E+00, 0.924894E+00, 0.000000E+00, 0.000000E+00, 0.000000E+00, 0.778845E+02, 0.211900E+02, 0.000000E+00, 0.000000E+00, 0.000000E+00, 0.000000E+00, 0.000000E+00, 0.925525E+00, 0.000000E+00, 0.000000E+00, 0.000000E+00, 0.219778E+02, 0.219999E+02, 0.349961E+01, 0.356844E-01,-0.102412E+02, 0.100323E+06, 0.779053E+02, 0.211700E+02, 0.000000E+00, 0.000000E+00, 0.000000E+00, 0.000000E+00, 0.000000E+00, 0.924652E+00, 0.000000E+00, 0.000000E+00, 0.000000E+00, 0.778845E+02, 0.211900E+02, 0.000000E+00, 0.000000E+00, 0.000000E+00, 0.000000E+00, 0.000000E+00, 0.925525E+00, 0.000000E+00, 0.000000E+00, 0.000000E+00, 0.218838E+02, 0.218500E+02, 0.337779E+01, 0.170241E+02, 0.111395E+01, 0.100293E+06, 0.778656E+02, 0.212127E+02, 0.000000E+00, 0.000000E+00, 0.000000E+00, 0.000000E+00, 0.000000E+00, 0.921730E+00, 0.000000E+00, 0.000000E+00, 0.000000E+00, 0.778949E+02, 0.211873E+02, 0.000000E+00, 0.000000E+00, 0.000000E+00, 0.000000E+00, 0.000000E+00, 0.917739E+00, 0.000000E+00, 0.000000E+00, 0.000000E+00, 0.219877E+02, 0.220085E+02, 0.349728E+01, 0.251461E+00, 0.110773E+01, 0.100293E+06, 0.779297E+02, 0.211530E+02, 0.000000E+00, 0.000000E+00, 0.000000E+00, 0.000000E+00, 0.000000E+00, 0.917336E+00, 0.000000E+00, 0.000000E+00, 0.000000E+00, 0.778751E+02, 0.211990E+02, 0.000000E+00, 0.000000E+00, 0.000000E+00, 0.000000E+00, 0.000000E+00, 0.925903E+00, 0.000000E+00, 0.000000E+00, 0.000000E+00, 0.100000E+01, 0.150779E+01, 0.206977E-02, 0.890000E+05, 0.890000E+05, 0.657710E+05, 0.890000E+05, 0.000000E+00, 0.913534E+00, 0.000000E+00, 0.000000E+00, 0.000000E+00, 0.000000E+00, 0.000000E+00, 0.000000E+00, 0.000000E+00, 0.000000E+00, 0.000000E+00, 0.000000E+00, 0.000000E+00, 0.000000E+00, 0.000000E+00, 0.000000E+00, 0.000000E+00, 0.000000E+00, 0.000000E+00, 0.000000E+00, 0.000000E+00, 0.000000E+00, 0.000000E+00, 0.000000E+00, 0.000000E+00, 0.000000E+00, 0.000000E+00, 0.000000E+00, 0.000000E+00, 0.000000E+00, 0.000000E+00, 0.000000E+00, 0.000000E+00, 0.000000E+00, 0.000000E+00, 0.000000E+00, 0.000000E+00, 0.000000E+00                      
 0.900000E+02, 0.214685E+02, 0.247555E+03,-0.466780E+00, 0.100375E+06, 0.779547E+02, 0.211509E+02, 0.000000E+00, 0.000000E+00, 0.000000E+00, 0.000000E+00, 0.000000E+00, 0.894390E+00, 0.000000E+00, 0.000000E+00, 0.000000E+00, 0.219706E+02, 0.219946E+02, 0.347769E+01, 0.218180E+01,-0.546753E+00, 0.100374E+06, 0.778228E+02, 0.212601E+02, 0.000000E+00, 0.000000E+00, 0.000000E+00, 0.000000E+00, 0.000000E+00, 0.917066E+00, 0.000000E+00, 0.000000E+00, 0.000000E+00, 0.778955E+02, 0.211800E+02, 0.000000E+00, 0.000000E+00, 0.000000E+00, 0.000000E+00, 0.000000E+00, 0.924529E+00, 0.000000E+00, 0.000000E+00, 0.000000E+00, 0.219738E+02, 0.219958E+02, 0.345284E+01, 0.656992E+01,-0.605316E+00, 0.100374E+06, 0.778982E+02, 0.211771E+02, 0.000000E+00, 0.000000E+00, 0.000000E+00, 0.000000E+00, 0.000000E+00, 0.924750E+00, 0.000000E+00, 0.000000E+00, 0.000000E+00, 0.778938E+02, 0.211810E+02, 0.000000E+00, 0.000000E+00, 0.000000E+00, 0.000000E+00, 0.000000E+00, 0.925131E+00, 0.000000E+00, 0.000000E+00, 0.000000E+00, 0.343143E+02, 0.233877E+02, 0.255858E+01, 0.871850E+02, 0.145575E+04, 0.101831E+06, 0.778353E+02, 0.209203E+02, 0.147355E+00, 0.192683E-02, 0.000000E+00, 0.000000E+00, 0.000000E+00, 0.108405E+01, 0.199615E+00, 0.199615E+00, 0.000000E+00, 0.778892E+02, 0.211855E+02, 0.000000E+00, 0.000000E+00, 0.000000E+00, 0.000000E+00, 0.000000E+00, 0.925328E+00, 0.000000E+00, 0.000000E+00, 0.000000E+00, 0.216924E+02, 0.678132E+03,-0.651888E+00, 0.100374E+06, 0.779274E+02, 0.211627E+02, 0.000000E+00, 0.000000E+00, 0.000000E+00, 0.000000E+00, 0.000000E+00, 0.909884E+00, 0.000000E+00, 0.000000E+00, 0.000000E+00, 0.219785E+02, 0.220010E+02, 0.699761E+01, 0.234243E+00,-0.119088E+02, 0.100322E+06, 0.778973E+02, 0.211777E+02, 0.000000E+00, 0.000000E+00, 0.000000E+00, 0.000000E+00, 0.000000E+00, 0.924988E+00, 0.000000E+00, 0.000000E+00, 0.000000E+00, 0.778845E+02, 0.211900E+02, 0.000000E+00, 0.000000E+00, 0.000000E+00, 0.000000E+00, 0.000000E+00, 0.925525E+00, 0.000000E+00, 0.000000E+00, 0.000000E+00, 0.219633E+02, 0.219865E+02, 0.349828E+01, 0.239417E+00,-0.119082E+02, 0.100322E+06, 0.778986E+02, 0.211764E+02, 0.000000E+00, 0.000000E+00, 0.000000E+00, 0.000000E+00, 0.000000E+00, 0.924931E+00, 0.000000E+00, 0.000000E+00, 0.000000E+00, 0.778844E+02, 0.211900E+02, 0.000000E+00, 0.000000E+00, 0.000000E+00, 0.000000E+00, 0.000000E+00, 0.925525E+00, 0.000000E+00, 0.000000E+00, 0.000000E+00, 0.219714E+02, 0.219941E+02, 0.349961E+01, 0.363448E-01,-0.122070E+02, 0.100321E+06, 0.779051E+02, 0.211703E+02, 0.000000E+00, 0.000000E+00, 0.000000E+00, 0.000000E+00, 0.000000E+00, 0.924663E+00, 0.000000E+00, 0.000000E+00, 0.000000E+00, 0.778845E+02, 0.211900E+02, 0.000000E+00, 0.000000E+00, 0.000000E+00, 0.000000E+00, 0.000000E+00, 0.925525E+00, 0.000000E+00, 0.000000E+00, 0.000000E+00, 0.218525E+02, 0.218465E+02, 0.334928E+01, 0.209964E+02, 0.109507E+01, 0.100293E+06, 0.778656E+02, 0.212138E+02, 0.000000E+00, 0.000000E+00, 0.000000E+00, 0.000000E+00, 0.000000E+00, 0.920619E+00, 0.000000E+00, 0.000000E+00, 0.000000E+00, 0.778959E+02, 0.211865E+02, 0.000000E+00, 0.000000E+00, 0.000000E+00, 0.000000E+00, 0.000000E+00, 0.917621E+00, 0.000000E+00, 0.000000E+00, 0.000000E+00, 0.219799E+02, 0.220040E+02, 0.349610E+01, 0.361475E+00, 0.108889E+01, 0.100293E+06, 0.779279E+02, 0.211550E+02, 0.000000E+00, 0.000000E+00, 0.000000E+00, 0.000000E+00, 0.000000E+00, 0.917100E+00, 0.000000E+00, 0.000000E+00, 0.000000E+00, 0.778751E+02, 0.211990E+02, 0.000000E+00, 0.000000E+00, 0.000000E+00, 0.000000E+00, 0.000000E+00, 0.925896E+00, 0.000000E+00, 0.000000E+00, 0.000000E+00, 0.100000E+01, 0.152823E+01, 0.262791E-02, 0.113000E+06, 0.113000E+06, 0.835070E+05, 0.113000E+06, 0.000000E+00, 0.993192E+00, 0.000000E+00, 0.000000E+00, 0.000000E+00, 0.000000E+00, 0.000000E+00, 0.000000E+00, 0.000000E+00, 0.000000E+00, 0.000000E+00, 0.000000E+00, 0.000000E+00, 0.000000E+00, 0.000000E+00, 0.000000E+00, 0.000000E+00, 0.000000E+00, 0.000000E+00, 0.000000E+00, 0.000000E+00, 0.000000E+00, 0.000000E+00, 0.000000E+00, 0.000000E+00, 0.000000E+00, 0.000000E+00, 0.000000E+00, 0.000000E+00, 0.000000E+00, 0.000000E+00, 0.000000E+00, 0.000000E+00, 0.000000E+00, 0.000000E+00, 0.000000E+00, 0.000000E+00, 0.000000E+00                      
 0.100000E+03, 0.213004E+02, 0.247555E+03,-0.457849E+00, 0.100375E+06, 0.779727E+02, 0.211410E+02, 0.000000E+00, 0.000000E+00, 0.000000E+00, 0.000000E+00, 0.000000E+00, 0.886269E+00, 0.000000E+00, 0.000000E+00, 0.000000E+00, 0.219604E+02, 0.219833E+02, 0.347728E+01, 0.222241E+01,-0.543789E+00, 0.100374E+06, 0.778228E+02, 0.212605E+02, 0.000000E+00, 0.000000E+00, 0.000000E+00, 0.000000E+00, 0.000000E+00, 0.916707E+00, 0.000000E+00, 0.000000E+00, 0.000000E+00, 0.778963E+02, 0.211796E+02, 0.000000E+00, 0.000000E+00, 0.000000E+00, 0.000000E+00, 0.000000E+00, 0.924135E+00, 0.000000E+00, 0.000000E+00, 0.000000E+00, 0.219672E+02, 0.219900E+02, 0.343755E+01, 0.869923E+01,-0.601911E+00, 0.100374E+06, 0.778969E+02, 0.211784E+02, 0.000000E+00, 0.000000E+00, 0.000000E+00, 0.000000E+00, 0.000000E+00, 0.924677E+00, 0.000000E+00, 0.000000E+00, 0.000000E+00, 0.778938E+02, 0.211810E+02, 0.000000E+00, 0.000000E+00, 0.000000E+00, 0.000000E+00, 0.000000E+00, 0.925127E+00, 0.000000E+00, 0.000000E+00, 0.000000E+00, 0.368000E+02, 0.238788E+02, 0.241082E+01, 0.100869E+03, 0.198508E+04, 0.102360E+06, 0.778191E+02, 0.208750E+02, 0.175618E+00, 0.229640E-02, 0.000000E+00, 0.000000E+00, 0.000000E+00, 0.111474E+01, 0.237227E+00, 0.237227E+00, 0.000000E+00, 0.778892E+02, 0.211855E+02, 0.000000E+00, 0.000000E+00, 0.000000E+00, 0.000000E+00, 0.000000E+00, 0.925328E+00, 0.000000E+00, 0.000000E+00, 0.000000E+00, 0.215899E+02, 0.678132E+03,-0.644177E+00, 0.100374E+06, 0.779382E+02, 0.211568E+02, 0.000000E+00, 0.000000E+00, 0.000000E+00, 0.000000E+00, 0.000000E+00, 0.904993E+00, 0.000000E+00, 0.000000E+00, 0.000000E+00, 0.219730E+02, 0.219961E+02, 0.699691E+01, 0.302005E+00,-0.139008E+02, 0.100320E+06, 0.778965E+02, 0.211785E+02, 0.000000E+00, 0.000000E+00, 0.000000E+00, 0.000000E+00, 0.000000E+00, 0.925023E+00, 0.000000E+00, 0.000000E+00, 0.000000E+00, 0.778845E+02, 0.211900E+02, 0.000000E+00, 0.000000E+00, 0.000000E+00, 0.000000E+00, 0.000000E+00, 0.925525E+00, 0.000000E+00, 0.000000E+00, 0.000000E+00, 0.219557E+02, 0.219793E+02, 0.349772E+01, 0.317060E+00,-0.139001E+02, 0.100320E+06, 0.778978E+02, 0.211772E+02, 0.000000E+00, 0.000000E+00, 0.000000E+00, 0.000000E+00, 0.000000E+00, 0.924967E+00, 0.000000E+00, 0.000000E+00, 0.000000E+00, 0.778844E+02, 0.211900E+02, 0.000000E+00, 0.000000E+00, 0.000000E+00, 0.000000E+00, 0.000000E+00, 0.925526E+00, 0.000000E+00, 0.000000E+00, 0.000000E+00, 0.219648E+02, 0.219880E+02, 0.349960E+01, 0.370402E-01,-0.142638E+02, 0.100319E+06, 0.779048E+02, 0.211706E+02, 0.000000E+00, 0.000000E+00, 0.000000E+00, 0.000000E+00, 0.000000E+00, 0.924675E+00, 0.000000E+00, 0.000000E+00, 0.000000E+00, 0.778845E+02, 0.211900E+02, 0.000000E+00, 0.000000E+00, 0.000000E+00, 0.000000E+00, 0.000000E+00, 0.925525E+00, 0.000000E+00, 0.000000E+00, 0.000000E+00, 0.218288E+02, 0.218401E+02, 0.333160E+01, 0.234599E+02, 0.107697E+01, 0.100293E+06, 0.778662E+02, 0.212141E+02, 0.000000E+00, 0.000000E+00, 0.000000E+00, 0.000000E+00, 0.000000E+00, 0.919749E+00, 0.000000E+00, 0.000000E+00, 0.000000E+00, 0.778970E+02, 0.211857E+02, 0.000000E+00, 0.000000E+00, 0.000000E+00, 0.000000E+00, 0.000000E+00, 0.917388E+00, 0.000000E+00, 0.000000E+00, 0.000000E+00, 0.219746E+02, 0.219992E+02, 0.349489E+01, 0.472912E+00, 0.107073E+01, 0.100293E+06, 0.779204E+02, 0.211624E+02, 0.000000E+00, 0.000000E+00, 0.000000E+00, 0.000000E+00, 0.000000E+00, 0.917211E+00, 0.000000E+00, 0.000000E+00, 0.000000E+00, 0.778751E+02, 0.211990E+02, 0.000000E+00, 0.000000E+00, 0.000000E+00, 0.000000E+00, 0.000000E+00, 0.925887E+00, 0.000000E+00, 0.000000E+00, 0.000000E+00, 0.100000E+01, 0.152508E+01, 0.323256E-02, 0.139000E+06, 0.139000E+06, 0.102721E+06, 0.139000E+06, 0.000000E+00, 0.107170E+01, 0.000000E+00, 0.000000E+00, 0.000000E+00, 0.000000E+00, 0.000000E+00, 0.000000E+00, 0.000000E+00, 0.000000E+00, 0.000000E+00, 0.000000E+00, 0.000000E+00, 0.000000E+00, 0.000000E+00, 0.000000E+00, 0.000000E+00, 0.000000E+00, 0.000000E+00, 0.000000E+00, 0.000000E+00, 0.000000E+00, 0.000000E+00, 0.000000E+00, 0.000000E+00, 0.000000E+00, 0.000000E+00, 0.000000E+00, 0.000000E+00, 0.000000E+00, 0.000000E+00, 0.000000E+00, 0.000000E+00, 0.000000E+00, 0.000000E+00, 0.000000E+00, 0.000000E+00, 0.000000E+00                      
 0.110000E+03, 0.211405E+02, 0.247555E+03,-0.449284E+00, 0.100375E+06, 0.779901E+02, 0.211315E+02, 0.000000E+00, 0.000000E+00, 0.000000E+00, 0.000000E+00, 0.000000E+00, 0.878394E+00, 0.000000E+00, 0.000000E+00, 0.000000E+00, 0.219480E+02, 0.219702E+02, 0.347715E+01, 0.223474E+01,-0.540891E+00, 0.100374E+06, 0.778229E+02, 0.212605E+02, 0.000000E+00, 0.000000E+00, 0.000000E+00, 0.000000E+00, 0.000000E+00, 0.916561E+00, 0.000000E+00, 0.000000E+00, 0.000000E+00, 0.778973E+02, 0.211791E+02, 0.000000E+00, 0.000000E+00, 0.000000E+00, 0.000000E+00, 0.000000E+00, 0.923653E+00, 0.000000E+00, 0.000000E+00, 0.000000E+00, 0.219600E+02, 0.219840E+02, 0.342266E+01, 0.107746E+02,-0.598621E+00, 0.100374E+06, 0.778963E+02, 0.211791E+02, 0.000000E+00, 0.000000E+00, 0.000000E+00, 0.000000E+00, 0.000000E+00, 0.924554E+00, 0.000000E+00, 0.000000E+00, 0.000000E+00, 0.778939E+02, 0.211810E+02, 0.000000E+00, 0.000000E+00, 0.000000E+00, 0.000000E+00, 0.000000E+00, 0.925122E+00, 0.000000E+00, 0.000000E+00, 0.000000E+00, 0.395290E+02, 0.244629E+02, 0.226334E+01, 0.114527E+03, 0.261876E+04, 0.102994E+06, 0.778022E+02, 0.208248E+02, 0.206511E+00, 0.270036E-02, 0.000000E+00, 0.000000E+00, 0.000000E+00, 0.114825E+01, 0.278242E+00, 0.278242E+00, 0.000000E+00, 0.778892E+02, 0.211855E+02, 0.000000E+00, 0.000000E+00, 0.000000E+00, 0.000000E+00, 0.000000E+00, 0.925326E+00, 0.000000E+00, 0.000000E+00, 0.000000E+00, 0.214910E+02, 0.678132E+03,-0.636760E+00, 0.100374E+06, 0.779487E+02, 0.211511E+02, 0.000000E+00, 0.000000E+00, 0.000000E+00, 0.000000E+00, 0.000000E+00, 0.900221E+00, 0.000000E+00, 0.000000E+00, 0.000000E+00, 0.219674E+02, 0.219910E+02, 0.699617E+01, 0.374947E+00,-0.159698E+02, 0.100317E+06, 0.778956E+02, 0.211793E+02, 0.000000E+00, 0.000000E+00, 0.000000E+00, 0.000000E+00, 0.000000E+00, 0.925058E+00, 0.000000E+00, 0.000000E+00, 0.000000E+00, 0.778845E+02, 0.211900E+02, 0.000000E+00, 0.000000E+00, 0.000000E+00, 0.000000E+00, 0.000000E+00, 0.925525E+00, 0.000000E+00, 0.000000E+00, 0.000000E+00, 0.219478E+02, 0.219719E+02, 0.349712E+01, 0.401859E+00,-0.159690E+02, 0.100317E+06, 0.778969E+02, 0.211780E+02, 0.000000E+00, 0.000000E+00, 0.000000E+00, 0.000000E+00, 0.000000E+00, 0.925002E+00, 0.000000E+00, 0.000000E+00, 0.000000E+00, 0.778844E+02, 0.211900E+02, 0.000000E+00, 0.000000E+00, 0.000000E+00, 0.000000E+00, 0.000000E+00, 0.925526E+00, 0.000000E+00, 0.000000E+00, 0.000000E+00, 0.219580E+02, 0.219817E+02, 0.349959E+01, 0.377673E-01,-0.164025E+02, 0.100317E+06, 0.779045E+02, 0.211708E+02, 0.000000E+00, 0.000000E+00, 0.000000E+00, 0.000000E+00, 0.000000E+00, 0.924688E+00, 0.000000E+00, 0.000000E+00, 0.000000E+00, 0.778845E+02, 0.211900E+02, 0.000000E+00, 0.000000E+00, 0.000000E+00, 0.000000E+00, 0.000000E+00, 0.925525E+00, 0.000000E+00, 0.000000E+00, 0.000000E+00, 0.218153E+02, 0.218308E+02, 0.332053E+01, 0.250018E+02, 0.105963E+01, 0.100293E+06, 0.778667E+02, 0.212142E+02, 0.000000E+00, 0.000000E+00, 0.000000E+00, 0.000000E+00, 0.000000E+00, 0.919162E+00, 0.000000E+00, 0.000000E+00, 0.000000E+00, 0.778982E+02, 0.211847E+02, 0.000000E+00, 0.000000E+00, 0.000000E+00, 0.000000E+00, 0.000000E+00, 0.917029E+00, 0.000000E+00, 0.000000E+00, 0.000000E+00, 0.219691E+02, 0.219943E+02, 0.349370E+01, 0.583864E+00, 0.105321E+01, 0.100293E+06, 0.779159E+02, 0.211669E+02, 0.000000E+00, 0.000000E+00, 0.000000E+00, 0.000000E+00, 0.000000E+00, 0.917233E+00, 0.000000E+00, 0.000000E+00, 0.000000E+00, 0.778751E+02, 0.211990E+02, 0.000000E+00, 0.000000E+00, 0.000000E+00, 0.000000E+00, 0.000000E+00, 0.925878E+00, 0.000000E+00, 0.000000E+00, 0.000000E+00, 0.100000E+01, 0.151762E+01, 0.390698E-02, 0.168000E+06, 0.168000E+06, 0.124152E+06, 0.168000E+06, 0.000000E+00, 0.114379E+01, 0.000000E+00, 0.000000E+00, 0.000000E+00, 0.000000E+00, 0.000000E+00, 0.000000E+00, 0.000000E+00, 0.000000E+00, 0.000000E+00, 0.000000E+00, 0.000000E+00, 0.000000E+00, 0.000000E+00, 0.000000E+00, 0.000000E+00, 0.000000E+00, 0.000000E+00, 0.000000E+00, 0.000000E+00, 0.000000E+00, 0.000000E+00, 0.000000E+00, 0.000000E+00, 0.000000E+00, 0.000000E+00, 0.000000E+00, 0.000000E+00, 0.000000E+00, 0.000000E+00, 0.000000E+00, 0.000000E+00, 0.000000E+00, 0.000000E+00, 0.000000E+00, 0.000000E+00, 0.000000E+00                      
 0.120000E+03, 0.209883E+02, 0.247555E+03,-0.441073E+00, 0.100375E+06, 0.780071E+02, 0.211222E+02, 0.000000E+00, 0.000000E+00, 0.000000E+00, 0.000000E+00, 0.000000E+00, 0.870756E+00, 0.000000E+00, 0.000000E+00, 0.000000E+00, 0.219337E+02, 0.219556E+02, 0.347711E+01, 0.223901E+01,-0.538060E+00, 0.100374E+06, 0.778230E+02, 0.212605E+02, 0.000000E+00, 0.000000E+00, 0.000000E+00, 0.000000E+00, 0.000000E+00, 0.916503E+00, 0.000000E+00, 0.000000E+00, 0.000000E+00, 0.778984E+02, 0.211785E+02, 0.000000E+00, 0.000000E+00, 0.000000E+00, 0.000000E+00, 0.000000E+00, 0.923089E+00, 0.000000E+00, 0.000000E+00, 0.000000E+00, 0.219525E+02, 0.219777E+02, 0.340821E+01, 0.127875E+02,-0.595441E+00, 0.100374E+06, 0.778959E+02, 0.211797E+02, 0.000000E+00, 0.000000E+00, 0.000000E+00, 0.000000E+00, 0.000000E+00, 0.924395E+00, 0.000000E+00, 0.000000E+00, 0.000000E+00, 0.778939E+02, 0.211810E+02, 0.000000E+00, 0.000000E+00, 0.000000E+00, 0.000000E+00, 0.000000E+00, 0.925114E+00, 0.000000E+00, 0.000000E+00, 0.000000E+00, 0.425284E+02, 0.251486E+02, 0.211602E+01, 0.128171E+03, 0.336848E+04, 0.103743E+06, 0.777843E+02, 0.207693E+02, 0.240335E+00, 0.314265E-02, 0.000000E+00, 0.000000E+00, 0.000000E+00, 0.118492E+01, 0.323083E+00, 0.323083E+00, 0.000000E+00, 0.778893E+02, 0.211854E+02, 0.000000E+00, 0.000000E+00, 0.000000E+00, 0.000000E+00, 0.000000E+00, 0.925324E+00, 0.000000E+00, 0.000000E+00, 0.000000E+00, 0.213956E+02, 0.678132E+03,-0.629628E+00, 0.100374E+06, 0.779589E+02, 0.211455E+02, 0.000000E+00, 0.000000E+00, 0.000000E+00, 0.000000E+00, 0.000000E+00, 0.895563E+00, 0.000000E+00, 0.000000E+00, 0.000000E+00, 0.219616E+02, 0.219857E+02, 0.699537E+01, 0.452618E+00,-0.181077E+02, 0.100315E+06, 0.778983E+02, 0.211768E+02, 0.000000E+00, 0.000000E+00, 0.000000E+00, 0.000000E+00, 0.000000E+00, 0.924947E+00, 0.000000E+00, 0.000000E+00, 0.000000E+00, 0.778845E+02, 0.211900E+02, 0.000000E+00, 0.000000E+00, 0.000000E+00, 0.000000E+00, 0.000000E+00, 0.925525E+00, 0.000000E+00, 0.000000E+00, 0.000000E+00, 0.219398E+02, 0.219642E+02, 0.349646E+01, 0.493513E+00,-0.181069E+02, 0.100315E+06, 0.778960E+02, 0.211790E+02, 0.000000E+00, 0.000000E+00, 0.000000E+00, 0.000000E+00, 0.000000E+00, 0.925044E+00, 0.000000E+00, 0.000000E+00, 0.000000E+00, 0.778844E+02, 0.211900E+02, 0.000000E+00, 0.000000E+00, 0.000000E+00, 0.000000E+00, 0.000000E+00, 0.925526E+00, 0.000000E+00, 0.000000E+00, 0.000000E+00, 0.219511E+02, 0.219752E+02, 0.349958E+01, 0.385230E-01,-0.186146E+02, 0.100315E+06, 0.779042E+02, 0.211711E+02, 0.000000E+00, 0.000000E+00, 0.000000E+00, 0.000000E+00, 0.000000E+00, 0.924701E+00, 0.000000E+00, 0.000000E+00, 0.000000E+00, 0.778845E+02, 0.211900E+02, 0.000000E+00, 0.000000E+00, 0.000000E+00, 0.000000E+00, 0.000000E+00, 0.925525E+00, 0.000000E+00, 0.000000E+00, 0.000000E+00, 0.218062E+02, 0.218189E+02, 0.331347E+01, 0.259850E+02, 0.104302E+01, 0.100293E+06, 0.778671E+02, 0.212141E+02, 0.000000E+00, 0.000000E+00, 0.000000E+00, 0.000000E+00, 0.000000E+00, 0.918818E+00, 0.000000E+00, 0.000000E+00, 0.000000E+00, 0.778997E+02, 0.211837E+02, 0.000000E+00, 0.000000E+00, 0.000000E+00, 0.000000E+00, 0.000000E+00, 0.916549E+00, 0.000000E+00, 0.000000E+00, 0.000000E+00, 0.219634E+02, 0.219891E+02, 0.349251E+01, 0.693402E+00, 0.103634E+01, 0.100293E+06, 0.779129E+02, 0.211700E+02, 0.000000E+00, 0.000000E+00, 0.000000E+00, 0.000000E+00, 0.000000E+00, 0.917189E+00, 0.000000E+00, 0.000000E+00, 0.000000E+00, 0.778751E+02, 0.211990E+02, 0.000000E+00, 0.000000E+00, 0.000000E+00, 0.000000E+00, 0.000000E+00, 0.925869E+00, 0.000000E+00, 0.000000E+00, 0.000000E+00, 0.100000E+01, 0.150867E+01, 0.467442E-02, 0.201000E+06, 0.201000E+06, 0.148539E+06, 0.201000E+06, 0.000000E+00, 0.121451E+01, 0.000000E+00, 0.000000E+00, 0.000000E+00, 0.000000E+00, 0.000000E+00, 0.000000E+00, 0.000000E+00, 0.000000E+00, 0.000000E+00, 0.000000E+00, 0.000000E+00, 0.000000E+00, 0.000000E+00, 0.000000E+00, 0.000000E+00, 0.000000E+00, 0.000000E+00, 0.000000E+00, 0.000000E+00, 0.000000E+00, 0.000000E+00, 0.000000E+00, 0.000000E+00, 0.000000E+00, 0.000000E+00, 0.000000E+00, 0.000000E+00, 0.000000E+00, 0.000000E+00, 0.000000E+00, 0.000000E+00, 0.000000E+00, 0.000000E+00, 0.000000E+00, 0.000000E+00, 0.000000E+00                      
 0.130000E+03, 0.208437E+02, 0.247555E+03,-0.433206E+00, 0.100375E+06, 0.780235E+02, 0.211131E+02, 0.000000E+00, 0.000000E+00, 0.000000E+00, 0.000000E+00, 0.000000E+00, 0.863344E+00, 0.000000E+00, 0.000000E+00, 0.000000E+00, 0.219181E+02, 0.219395E+02, 0.347709E+01, 0.224081E+01,-0.535300E+00, 0.100374E+06, 0.778231E+02, 0.212604E+02, 0.000000E+00, 0.000000E+00, 0.000000E+00, 0.000000E+00, 0.000000E+00, 0.916481E+00, 0.000000E+00, 0.000000E+00, 0.000000E+00, 0.778998E+02, 0.211778E+02, 0.000000E+00, 0.000000E+00, 0.000000E+00, 0.000000E+00, 0.000000E+00, 0.922449E+00, 0.000000E+00, 0.000000E+00, 0.000000E+00, 0.219447E+02, 0.219712E+02, 0.339428E+01, 0.147280E+02,-0.592368E+00, 0.100374E+06, 0.778958E+02, 0.211800E+02, 0.000000E+00, 0.000000E+00, 0.000000E+00, 0.000000E+00, 0.000000E+00, 0.924207E+00, 0.000000E+00, 0.000000E+00, 0.000000E+00, 0.778939E+02, 0.211810E+02, 0.000000E+00, 0.000000E+00, 0.000000E+00, 0.000000E+00, 0.000000E+00, 0.925104E+00, 0.000000E+00, 0.000000E+00, 0.000000E+00, 0.458038E+02, 0.259394E+02, 0.196977E+01, 0.141714E+03, 0.424116E+04, 0.104616E+06, 0.777651E+02, 0.207084E+02, 0.277240E+00, 0.362523E-02, 0.000000E+00, 0.000000E+00, 0.000000E+00, 0.122491E+01, 0.371983E+00, 0.371983E+00, 0.000000E+00, 0.778893E+02, 0.211854E+02, 0.000000E+00, 0.000000E+00, 0.000000E+00, 0.000000E+00, 0.000000E+00, 0.925322E+00, 0.000000E+00, 0.000000E+00, 0.000000E+00, 0.213037E+02, 0.678132E+03,-0.622774E+00, 0.100374E+06, 0.779689E+02, 0.211401E+02, 0.000000E+00, 0.000000E+00, 0.000000E+00, 0.000000E+00, 0.000000E+00, 0.891015E+00, 0.000000E+00, 0.000000E+00, 0.000000E+00, 0.219556E+02, 0.219802E+02, 0.699453E+01, 0.534795E+00,-0.203066E+02, 0.100313E+06, 0.779030E+02, 0.211722E+02, 0.000000E+00, 0.000000E+00, 0.000000E+00, 0.000000E+00, 0.000000E+00, 0.924748E+00, 0.000000E+00, 0.000000E+00, 0.000000E+00, 0.778844E+02, 0.211900E+02, 0.000000E+00, 0.000000E+00, 0.000000E+00, 0.000000E+00, 0.000000E+00, 0.925526E+00, 0.000000E+00, 0.000000E+00, 0.000000E+00, 0.219316E+02, 0.219564E+02, 0.349575E+01, 0.591965E+00,-0.203057E+02, 0.100313E+06, 0.779131E+02, 0.211626E+02, 0.000000E+00, 0.000000E+00, 0.000000E+00, 0.000000E+00, 0.000000E+00, 0.924326E+00, 0.000000E+00, 0.000000E+00, 0.000000E+00, 0.778844E+02, 0.211900E+02, 0.000000E+00, 0.000000E+00, 0.000000E+00, 0.000000E+00, 0.000000E+00, 0.925526E+00, 0.000000E+00, 0.000000E+00, 0.000000E+00, 0.219440E+02, 0.219685E+02, 0.349958E+01, 0.393040E-01,-0.208917E+02, 0.100313E+06, 0.779038E+02, 0.211715E+02, 0.000000E+00, 0.000000E+00, 0.000000E+00, 0.000000E+00, 0.000000E+00, 0.924714E+00, 0.000000E+00, 0.000000E+00, 0.000000E+00, 0.778845E+02, 0.211900E+02, 0.000000E+00, 0.000000E+00, 0.000000E+00, 0.000000E+00, 0.000000E+00, 0.925525E+00, 0.000000E+00, 0.000000E+00, 0.000000E+00, 0.217977E+02, 0.218049E+02, 0.330852E+01, 0.266747E+02, 0.102711E+01, 0.100293E+06, 0.778675E+02, 0.212138E+02, 0.000000E+00, 0.000000E+00, 0.000000E+00, 0.000000E+00, 0.000000E+00, 0.918642E+00, 0.000000E+00, 0.000000E+00, 0.000000E+00, 0.779014E+02, 0.211826E+02, 0.000000E+00, 0.000000E+00, 0.000000E+00, 0.000000E+00, 0.000000E+00, 0.915956E+00, 0.000000E+00, 0.000000E+00, 0.000000E+00, 0.219576E+02, 0.219838E+02, 0.349135E+01, 0.800661E+00, 0.102009E+01, 0.100293E+06, 0.779108E+02, 0.211721E+02, 0.000000E+00, 0.000000E+00, 0.000000E+00, 0.000000E+00, 0.000000E+00, 0.917091E+00, 0.000000E+00, 0.000000E+00, 0.000000E+00, 0.778752E+02, 0.211990E+02, 0.000000E+00, 0.000000E+00, 0.000000E+00, 0.000000E+00, 0.000000E+00, 0.925859E+00, 0.000000E+00, 0.000000E+00, 0.000000E+00, 0.100000E+01, 0.149571E+01, 0.548837E-02, 0.236000E+06, 0.236000E+06, 0.174404E+06, 0.236000E+06, 0.000000E+00, 0.127657E+01, 0.000000E+00, 0.000000E+00, 0.000000E+00, 0.000000E+00, 0.000000E+00, 0.000000E+00, 0.000000E+00, 0.000000E+00, 0.000000E+00, 0.000000E+00, 0.000000E+00, 0.000000E+00, 0.000000E+00, 0.000000E+00, 0.000000E+00, 0.000000E+00, 0.000000E+00, 0.000000E+00, 0.000000E+00, 0.000000E+00, 0.000000E+00, 0.000000E+00, 0.000000E+00, 0.000000E+00, 0.000000E+00, 0.000000E+00, 0.000000E+00, 0.000000E+00, 0.000000E+00, 0.000000E+00, 0.000000E+00, 0.000000E+00, 0.000000E+00, 0.000000E+00, 0.000000E+00, 0.000000E+00                      
 0.140000E+03, 0.207062E+02, 0.247555E+03,-0.425670E+00, 0.100375E+06, 0.780395E+02, 0.211044E+02, 0.000000E+00, 0.000000E+00, 0.000000E+00, 0.000000E+00, 0.000000E+00, 0.856151E+00, 0.000000E+00, 0.000000E+00, 0.000000E+00, 0.219013E+02, 0.219222E+02, 0.347708E+01, 0.224176E+01,-0.532615E+00, 0.100374E+06, 0.778231E+02, 0.212604E+02, 0.000000E+00, 0.000000E+00, 0.000000E+00, 0.000000E+00, 0.000000E+00, 0.916472E+00, 0.000000E+00, 0.000000E+00, 0.000000E+00, 0.779013E+02, 0.211770E+02, 0.000000E+00, 0.000000E+00, 0.000000E+00, 0.000000E+00, 0.000000E+00, 0.921736E+00, 0.000000E+00, 0.000000E+00, 0.000000E+00, 0.219369E+02, 0.219643E+02, 0.338093E+01, 0.165878E+02,-0.589403E+00, 0.100374E+06, 0.778957E+02, 0.211803E+02, 0.000000E+00, 0.000000E+00, 0.000000E+00, 0.000000E+00, 0.000000E+00, 0.923996E+00, 0.000000E+00, 0.000000E+00, 0.000000E+00, 0.778940E+02, 0.211809E+02, 0.000000E+00, 0.000000E+00, 0.000000E+00, 0.000000E+00, 0.000000E+00, 0.925090E+00, 0.000000E+00, 0.000000E+00, 0.000000E+00, 0.493315E+02, 0.268325E+02, 0.182531E+01, 0.155093E+03, 0.523794E+04, 0.105613E+06, 0.777446E+02, 0.206423E+02, 0.317089E+00, 0.414630E-02, 0.000000E+00, 0.000000E+00, 0.000000E+00, 0.126809E+01, 0.424820E+00, 0.424820E+00, 0.000000E+00, 0.778894E+02, 0.211852E+02, 0.000000E+00, 0.000000E+00, 0.000000E+00, 0.000000E+00, 0.000000E+00, 0.925316E+00, 0.000000E+00, 0.000000E+00, 0.000000E+00, 0.212150E+02, 0.678132E+03,-0.616192E+00, 0.100374E+06, 0.779787E+02, 0.211348E+02, 0.000000E+00, 0.000000E+00, 0.000000E+00, 0.000000E+00, 0.000000E+00, 0.886573E+00, 0.000000E+00, 0.000000E+00, 0.000000E+00, 0.219496E+02, 0.219746E+02, 0.699365E+01, 0.620711E+00,-0.225600E+02, 0.100311E+06, 0.779090E+02, 0.211665E+02, 0.000000E+00, 0.000000E+00, 0.000000E+00, 0.000000E+00, 0.000000E+00, 0.924499E+00, 0.000000E+00, 0.000000E+00, 0.000000E+00, 0.778844E+02, 0.211901E+02, 0.000000E+00, 0.000000E+00, 0.000000E+00, 0.000000E+00, 0.000000E+00, 0.925527E+00, 0.000000E+00, 0.000000E+00, 0.000000E+00, 0.219234E+02, 0.219483E+02, 0.349500E+01, 0.696502E+00,-0.225590E+02, 0.100311E+06, 0.779178E+02, 0.211581E+02, 0.000000E+00, 0.000000E+00, 0.000000E+00, 0.000000E+00, 0.000000E+00, 0.924130E+00, 0.000000E+00, 0.000000E+00, 0.000000E+00, 0.778844E+02, 0.211900E+02, 0.000000E+00, 0.000000E+00, 0.000000E+00, 0.000000E+00, 0.000000E+00, 0.925527E+00, 0.000000E+00, 0.000000E+00, 0.000000E+00, 0.219368E+02, 0.219617E+02, 0.349957E+01, 0.401079E-01,-0.232270E+02, 0.100310E+06, 0.779035E+02, 0.211718E+02, 0.000000E+00, 0.000000E+00, 0.000000E+00, 0.000000E+00, 0.000000E+00, 0.924728E+00, 0.000000E+00, 0.000000E+00, 0.000000E+00, 0.778845E+02, 0.211900E+02, 0.000000E+00, 0.000000E+00, 0.000000E+00, 0.000000E+00, 0.000000E+00, 0.925525E+00, 0.000000E+00, 0.000000E+00, 0.000000E+00, 0.217892E+02, 0.217889E+02, 0.330460E+01, 0.272211E+02, 0.101186E+01, 0.100293E+06, 0.778679E+02, 0.212135E+02, 0.000000E+00, 0.000000E+00, 0.000000E+00, 0.000000E+00, 0.000000E+00, 0.918573E+00, 0.000000E+00, 0.000000E+00, 0.000000E+00, 0.779033E+02, 0.211815E+02, 0.000000E+00, 0.000000E+00, 0.000000E+00, 0.000000E+00, 0.000000E+00, 0.915257E+00, 0.000000E+00, 0.000000E+00, 0.000000E+00, 0.219517E+02, 0.219782E+02, 0.349023E+01, 0.904821E+00, 0.100443E+01, 0.100293E+06, 0.779093E+02, 0.211737E+02, 0.000000E+00, 0.000000E+00, 0.000000E+00, 0.000000E+00, 0.000000E+00, 0.916951E+00, 0.000000E+00, 0.000000E+00, 0.000000E+00, 0.778752E+02, 0.211989E+02, 0.000000E+00, 0.000000E+00, 0.000000E+00, 0.000000E+00, 0.000000E+00, 0.925847E+00, 0.000000E+00, 0.000000E+00, 0.000000E+00, 0.100000E+01, 0.147358E+01, 0.634884E-02, 0.273000E+06, 0.273000E+06, 0.201747E+06, 0.273000E+06, 0.000000E+00, 0.133928E+01, 0.000000E+00, 0.000000E+00, 0.000000E+00, 0.000000E+00, 0.000000E+00, 0.000000E+00, 0.000000E+00, 0.000000E+00, 0.000000E+00, 0.000000E+00, 0.000000E+00, 0.000000E+00, 0.000000E+00, 0.000000E+00, 0.000000E+00, 0.000000E+00, 0.000000E+00, 0.000000E+00, 0.000000E+00, 0.000000E+00, 0.000000E+00, 0.000000E+00, 0.000000E+00, 0.000000E+00, 0.000000E+00, 0.000000E+00, 0.000000E+00, 0.000000E+00, 0.000000E+00, 0.000000E+00, 0.000000E+00, 0.000000E+00, 0.000000E+00, 0.000000E+00, 0.000000E+00, 0.000000E+00                      
 0.150000E+03, 0.205756E+02, 0.247555E+03,-0.418450E+00, 0.100375E+06, 0.780550E+02, 0.210959E+02, 0.000000E+00, 0.000000E+00, 0.000000E+00, 0.000000E+00, 0.000000E+00, 0.849167E+00, 0.000000E+00, 0.000000E+00, 0.000000E+00, 0.218835E+02, 0.219038E+02, 0.347707E+01, 0.224240E+01,-0.530012E+00, 0.100374E+06, 0.778232E+02, 0.212604E+02, 0.000000E+00, 0.000000E+00, 0.000000E+00, 0.000000E+00, 0.000000E+00, 0.916468E+00, 0.000000E+00, 0.000000E+00, 0.000000E+00, 0.779029E+02, 0.211761E+02, 0.000000E+00, 0.000000E+00, 0.000000E+00, 0.000000E+00, 0.000000E+00, 0.920955E+00, 0.000000E+00, 0.000000E+00, 0.000000E+00, 0.219289E+02, 0.219573E+02, 0.336821E+01, 0.183597E+02,-0.586546E+00, 0.100374E+06, 0.778957E+02, 0.211805E+02, 0.000000E+00, 0.000000E+00, 0.000000E+00, 0.000000E+00, 0.000000E+00, 0.923766E+00, 0.000000E+00, 0.000000E+00, 0.000000E+00, 0.778940E+02, 0.211809E+02, 0.000000E+00, 0.000000E+00, 0.000000E+00, 0.000000E+00, 0.000000E+00, 0.925073E+00, 0.000000E+00, 0.000000E+00, 0.000000E+00, 0.531183E+02, 0.278281E+02, 0.168339E+01, 0.168236E+03, 0.636370E+04, 0.106739E+06, 0.777227E+02, 0.205708E+02, 0.360091E+00, 0.470860E-02, 0.000000E+00, 0.000000E+00, 0.000000E+00, 0.131466E+01, 0.481935E+00, 0.481935E+00, 0.000000E+00, 0.778896E+02, 0.211851E+02, 0.000000E+00, 0.000000E+00, 0.000000E+00, 0.000000E+00, 0.000000E+00, 0.925310E+00, 0.000000E+00, 0.000000E+00, 0.000000E+00, 0.211295E+02, 0.678132E+03,-0.609875E+00, 0.100374E+06, 0.779882E+02, 0.211296E+02, 0.000000E+00, 0.000000E+00, 0.000000E+00, 0.000000E+00, 0.000000E+00, 0.882234E+00, 0.000000E+00, 0.000000E+00, 0.000000E+00, 0.219435E+02, 0.219688E+02, 0.699274E+01, 0.709956E+00,-0.248622E+02, 0.100309E+06, 0.778990E+02, 0.211761E+02, 0.000000E+00, 0.000000E+00, 0.000000E+00, 0.000000E+00, 0.000000E+00, 0.924918E+00, 0.000000E+00, 0.000000E+00, 0.000000E+00, 0.778844E+02, 0.211901E+02, 0.000000E+00, 0.000000E+00, 0.000000E+00, 0.000000E+00, 0.000000E+00, 0.925528E+00, 0.000000E+00, 0.000000E+00, 0.000000E+00, 0.219150E+02, 0.219402E+02, 0.349421E+01, 0.806790E+00,-0.248612E+02, 0.100309E+06, 0.779292E+02, 0.211471E+02, 0.000000E+00, 0.000000E+00, 0.000000E+00, 0.000000E+00, 0.000000E+00, 0.923652E+00, 0.000000E+00, 0.000000E+00, 0.000000E+00, 0.778845E+02, 0.211900E+02, 0.000000E+00, 0.000000E+00, 0.000000E+00, 0.000000E+00, 0.000000E+00, 0.925525E+00, 0.000000E+00, 0.000000E+00, 0.000000E+00, 0.219295E+02, 0.219546E+02, 0.349956E+01, 0.409323E-01,-0.256144E+02, 0.100308E+06, 0.779032E+02, 0.211721E+02, 0.000000E+00, 0.000000E+00, 0.000000E+00, 0.000000E+00, 0.000000E+00, 0.924742E+00, 0.000000E+00, 0.000000E+00, 0.000000E+00, 0.778845E+02, 0.211900E+02, 0.000000E+00, 0.000000E+00, 0.000000E+00, 0.000000E+00, 0.000000E+00, 0.925525E+00, 0.000000E+00, 0.000000E+00, 0.000000E+00, 0.217813E+02, 0.217712E+02, 0.330113E+01, 0.277048E+02, 0.997241E+00, 0.100293E+06, 0.778682E+02, 0.212132E+02, 0.000000E+00, 0.000000E+00, 0.000000E+00, 0.000000E+00, 0.000000E+00, 0.918568E+00, 0.000000E+00, 0.000000E+00, 0.000000E+00, 0.779054E+02, 0.211802E+02, 0.000000E+00, 0.000000E+00, 0.000000E+00, 0.000000E+00, 0.000000E+00, 0.914463E+00, 0.000000E+00, 0.000000E+00, 0.000000E+00, 0.219456E+02, 0.219726E+02, 0.348915E+01, 0.100510E+01, 0.989337E+00, 0.100293E+06, 0.779083E+02, 0.211749E+02, 0.000000E+00, 0.000000E+00, 0.000000E+00, 0.000000E+00, 0.000000E+00, 0.916775E+00, 0.000000E+00, 0.000000E+00, 0.000000E+00, 0.778752E+02, 0.211989E+02, 0.000000E+00, 0.000000E+00, 0.000000E+00, 0.000000E+00, 0.000000E+00, 0.925834E+00, 0.000000E+00, 0.000000E+00, 0.000000E+00, 0.100000E+01, 0.144885E+01, 0.730233E-02, 0.314000E+06, 0.314000E+06, 0.232046E+06, 0.314000E+06, 0.000000E+00, 0.140833E+01, 0.000000E+00, 0.000000E+00, 0.000000E+00, 0.000000E+00, 0.000000E+00, 0.000000E+00, 0.000000E+00, 0.000000E+00, 0.000000E+00, 0.000000E+00, 0.000000E+00, 0.000000E+00, 0.000000E+00, 0.000000E+00, 0.000000E+00, 0.000000E+00, 0.000000E+00, 0.000000E+00, 0.000000E+00, 0.000000E+00, 0.000000E+00, 0.000000E+00, 0.000000E+00, 0.000000E+00, 0.000000E+00, 0.000000E+00, 0.000000E+00, 0.000000E+00, 0.000000E+00, 0.000000E+00, 0.000000E+00, 0.000000E+00, 0.000000E+00, 0.000000E+00, 0.000000E+00, 0.000000E+00                      
 0.160000E+03, 0.204515E+02, 0.247555E+03,-0.411526E+00, 0.100375E+06, 0.780700E+02, 0.210876E+02, 0.000000E+00, 0.000000E+00, 0.000000E+00, 0.000000E+00, 0.000000E+00, 0.842384E+00, 0.000000E+00, 0.000000E+00, 0.000000E+00, 0.218647E+02, 0.218844E+02, 0.347707E+01, 0.224289E+01,-0.527512E+00, 0.100374E+06, 0.778232E+02, 0.212604E+02, 0.000000E+00, 0.000000E+00, 0.000000E+00, 0.000000E+00, 0.000000E+00, 0.916467E+00, 0.000000E+00, 0.000000E+00, 0.000000E+00, 0.779047E+02, 0.211752E+02, 0.000000E+00, 0.000000E+00, 0.000000E+00, 0.000000E+00, 0.000000E+00, 0.920111E+00, 0.000000E+00, 0.000000E+00, 0.000000E+00, 0.219208E+02, 0.219499E+02, 0.335616E+01, 0.200378E+02,-0.583807E+00, 0.100374E+06, 0.778958E+02, 0.211807E+02, 0.000000E+00, 0.000000E+00, 0.000000E+00, 0.000000E+00, 0.000000E+00, 0.923521E+00, 0.000000E+00, 0.000000E+00, 0.000000E+00, 0.778941E+02, 0.211808E+02, 0.000000E+00, 0.000000E+00, 0.000000E+00, 0.000000E+00, 0.000000E+00, 0.925051E+00, 0.000000E+00, 0.000000E+00, 0.000000E+00, 0.571574E+02, 0.289244E+02, 0.154408E+01, 0.181138E+03, 0.762223E+04, 0.107997E+06, 0.776995E+02, 0.204937E+02, 0.406308E+00, 0.531294E-02, 0.000000E+00, 0.000000E+00, 0.000000E+00, 0.136471E+01, 0.543497E+00, 0.543497E+00, 0.000000E+00, 0.778897E+02, 0.211850E+02, 0.000000E+00, 0.000000E+00, 0.000000E+00, 0.000000E+00, 0.000000E+00, 0.925304E+00, 0.000000E+00, 0.000000E+00, 0.000000E+00, 0.210471E+02, 0.678132E+03,-0.603821E+00, 0.100374E+06, 0.779975E+02, 0.211245E+02, 0.000000E+00, 0.000000E+00, 0.000000E+00, 0.000000E+00, 0.000000E+00, 0.877992E+00, 0.000000E+00, 0.000000E+00, 0.000000E+00, 0.219372E+02, 0.219629E+02, 0.699180E+01, 0.802289E+00,-0.272081E+02, 0.100306E+06, 0.778936E+02, 0.211812E+02, 0.000000E+00, 0.000000E+00, 0.000000E+00, 0.000000E+00, 0.000000E+00, 0.925142E+00, 0.000000E+00, 0.000000E+00, 0.000000E+00, 0.778844E+02, 0.211901E+02, 0.000000E+00, 0.000000E+00, 0.000000E+00, 0.000000E+00, 0.000000E+00, 0.925529E+00, 0.000000E+00, 0.000000E+00, 0.000000E+00, 0.219065E+02, 0.219319E+02, 0.349338E+01, 0.922697E+00,-0.272069E+02, 0.100306E+06, 0.779333E+02, 0.211432E+02, 0.000000E+00, 0.000000E+00, 0.000000E+00, 0.000000E+00, 0.000000E+00, 0.923480E+00, 0.000000E+00, 0.000000E+00, 0.000000E+00, 0.778845E+02, 0.211900E+02, 0.000000E+00, 0.000000E+00, 0.000000E+00, 0.000000E+00, 0.000000E+00, 0.925524E+00, 0.000000E+00, 0.000000E+00, 0.000000E+00, 0.219221E+02, 0.219475E+02, 0.349955E+01, 0.417751E-01,-0.280483E+02, 0.100305E+06, 0.779029E+02, 0.211724E+02, 0.000000E+00, 0.000000E+00, 0.000000E+00, 0.000000E+00, 0.000000E+00, 0.924755E+00, 0.000000E+00, 0.000000E+00, 0.000000E+00, 0.778845E+02, 0.211900E+02, 0.000000E+00, 0.000000E+00, 0.000000E+00, 0.000000E+00, 0.000000E+00, 0.925525E+00, 0.000000E+00, 0.000000E+00, 0.000000E+00, 0.217738E+02, 0.217519E+02, 0.329782E+01, 0.281657E+02, 0.983214E+00, 0.100293E+06, 0.778685E+02, 0.212129E+02, 0.000000E+00, 0.000000E+00, 0.000000E+00, 0.000000E+00, 0.000000E+00, 0.918601E+00, 0.000000E+00, 0.000000E+00, 0.000000E+00, 0.779076E+02, 0.211788E+02, 0.000000E+00, 0.000000E+00, 0.000000E+00, 0.000000E+00, 0.000000E+00, 0.913579E+00, 0.000000E+00, 0.000000E+00, 0.000000E+00, 0.219394E+02, 0.219667E+02, 0.348811E+01, 0.110075E+01, 0.974783E+00, 0.100293E+06, 0.779076E+02, 0.211759E+02, 0.000000E+00, 0.000000E+00, 0.000000E+00, 0.000000E+00, 0.000000E+00, 0.916570E+00, 0.000000E+00, 0.000000E+00, 0.000000E+00, 0.778753E+02, 0.211989E+02, 0.000000E+00, 0.000000E+00, 0.000000E+00, 0.000000E+00, 0.000000E+00, 0.925819E+00, 0.000000E+00, 0.000000E+00, 0.000000E+00, 0.100000E+01, 0.142750E+01, 0.830233E-02, 0.357000E+06, 0.357000E+06, 0.263823E+06, 0.357000E+06, 0.000000E+00, 0.147006E+01, 0.000000E+00, 0.000000E+00, 0.000000E+00, 0.000000E+00, 0.000000E+00, 0.000000E+00, 0.000000E+00, 0.000000E+00, 0.000000E+00, 0.000000E+00, 0.000000E+00, 0.000000E+00, 0.000000E+00, 0.000000E+00, 0.000000E+00, 0.000000E+00, 0.000000E+00, 0.000000E+00, 0.000000E+00, 0.000000E+00, 0.000000E+00, 0.000000E+00, 0.000000E+00, 0.000000E+00, 0.000000E+00, 0.000000E+00, 0.000000E+00, 0.000000E+00, 0.000000E+00, 0.000000E+00, 0.000000E+00, 0.000000E+00, 0.000000E+00, 0.000000E+00, 0.000000E+00, 0.000000E+00                      
 0.170000E+03, 0.203336E+02, 0.247555E+03,-0.404889E+00, 0.100375E+06, 0.780846E+02, 0.210796E+02, 0.000000E+00, 0.000000E+00, 0.000000E+00, 0.000000E+00, 0.000000E+00, 0.835796E+00, 0.000000E+00, 0.000000E+00, 0.000000E+00, 0.218452E+02, 0.218641E+02, 0.347706E+01, 0.224329E+01,-0.525100E+00, 0.100374E+06, 0.778232E+02, 0.212603E+02, 0.000000E+00, 0.000000E+00, 0.000000E+00, 0.000000E+00, 0.000000E+00, 0.916466E+00, 0.000000E+00, 0.000000E+00, 0.000000E+00, 0.779066E+02, 0.211742E+02, 0.000000E+00, 0.000000E+00, 0.000000E+00, 0.000000E+00, 0.000000E+00, 0.919207E+00, 0.000000E+00, 0.000000E+00, 0.000000E+00, 0.219126E+02, 0.219424E+02, 0.334482E+01, 0.216174E+02,-0.581174E+00, 0.100374E+06, 0.778959E+02, 0.211808E+02, 0.000000E+00, 0.000000E+00, 0.000000E+00, 0.000000E+00, 0.000000E+00, 0.923265E+00, 0.000000E+00, 0.000000E+00, 0.000000E+00, 0.778942E+02, 0.211808E+02, 0.000000E+00, 0.000000E+00, 0.000000E+00, 0.000000E+00, 0.000000E+00, 0.925024E+00, 0.000000E+00, 0.000000E+00, 0.000000E+00, 0.614390E+02, 0.301165E+02, 0.140769E+01, 0.193769E+03, 0.901521E+04, 0.109390E+06, 0.776748E+02, 0.204110E+02, 0.455791E+00, 0.595998E-02, 0.000000E+00, 0.000000E+00, 0.000000E+00, 0.141829E+01, 0.609677E+00, 0.609677E+00, 0.000000E+00, 0.778900E+02, 0.211847E+02, 0.000000E+00, 0.000000E+00, 0.000000E+00, 0.000000E+00, 0.000000E+00, 0.925295E+00, 0.000000E+00, 0.000000E+00, 0.000000E+00, 0.209676E+02, 0.678132E+03,-0.598018E+00, 0.100374E+06, 0.780067E+02, 0.211195E+02, 0.000000E+00, 0.000000E+00, 0.000000E+00, 0.000000E+00, 0.000000E+00, 0.873845E+00, 0.000000E+00, 0.000000E+00, 0.000000E+00, 0.219309E+02, 0.219569E+02, 0.699082E+01, 0.897433E+00,-0.295929E+02, 0.100304E+06, 0.778922E+02, 0.211826E+02, 0.000000E+00, 0.000000E+00, 0.000000E+00, 0.000000E+00, 0.000000E+00, 0.925200E+00, 0.000000E+00, 0.000000E+00, 0.000000E+00, 0.778844E+02, 0.211901E+02, 0.000000E+00, 0.000000E+00, 0.000000E+00, 0.000000E+00, 0.000000E+00, 0.925530E+00, 0.000000E+00, 0.000000E+00, 0.000000E+00, 0.218979E+02, 0.219234E+02, 0.349251E+01, 0.104403E+01,-0.295916E+02, 0.100304E+06, 0.779312E+02, 0.211453E+02, 0.000000E+00, 0.000000E+00, 0.000000E+00, 0.000000E+00, 0.000000E+00, 0.923570E+00, 0.000000E+00, 0.000000E+00, 0.000000E+00, 0.778845E+02, 0.211900E+02, 0.000000E+00, 0.000000E+00, 0.000000E+00, 0.000000E+00, 0.000000E+00, 0.925524E+00, 0.000000E+00, 0.000000E+00, 0.000000E+00, 0.219146E+02, 0.219402E+02, 0.349954E+01, 0.426343E-01,-0.305239E+02, 0.100303E+06, 0.779025E+02, 0.211727E+02, 0.000000E+00, 0.000000E+00, 0.000000E+00, 0.000000E+00, 0.000000E+00, 0.924769E+00, 0.000000E+00, 0.000000E+00, 0.000000E+00, 0.778845E+02, 0.211900E+02, 0.000000E+00, 0.000000E+00, 0.000000E+00, 0.000000E+00, 0.000000E+00, 0.925525E+00, 0.000000E+00, 0.000000E+00, 0.000000E+00, 0.217665E+02, 0.217313E+02, 0.329454E+01, 0.286225E+02, 0.969753E+00, 0.100293E+06, 0.778688E+02, 0.212126E+02, 0.000000E+00, 0.000000E+00, 0.000000E+00, 0.000000E+00, 0.000000E+00, 0.918658E+00, 0.000000E+00, 0.000000E+00, 0.000000E+00, 0.779100E+02, 0.211774E+02, 0.000000E+00, 0.000000E+00, 0.000000E+00, 0.000000E+00, 0.000000E+00, 0.912611E+00, 0.000000E+00, 0.000000E+00, 0.000000E+00, 0.219331E+02, 0.219607E+02, 0.348714E+01, 0.119117E+01, 0.960746E+00, 0.100293E+06, 0.779070E+02, 0.211766E+02, 0.000000E+00, 0.000000E+00, 0.000000E+00, 0.000000E+00, 0.000000E+00, 0.916342E+00, 0.000000E+00, 0.000000E+00, 0.000000E+00, 0.778753E+02, 0.211989E+02, 0.000000E+00, 0.000000E+00, 0.000000E+00, 0.000000E+00, 0.000000E+00, 0.925802E+00, 0.000000E+00, 0.000000E+00, 0.000000E+00, 0.100000E+01, 0.140404E+01, 0.937209E-02, 0.403000E+06, 0.403000E+06, 0.297817E+06, 0.403000E+06, 0.000000E+00, 0.152822E+01, 0.000000E+00, 0.000000E+00, 0.000000E+00, 0.000000E+00, 0.000000E+00, 0.000000E+00, 0.000000E+00, 0.000000E+00, 0.000000E+00, 0.000000E+00, 0.000000E+00, 0.000000E+00, 0.000000E+00, 0.000000E+00, 0.000000E+00, 0.000000E+00, 0.000000E+00, 0.000000E+00, 0.000000E+00, 0.000000E+00, 0.000000E+00, 0.000000E+00, 0.000000E+00, 0.000000E+00, 0.000000E+00, 0.000000E+00, 0.000000E+00, 0.000000E+00, 0.000000E+00, 0.000000E+00, 0.000000E+00, 0.000000E+00, 0.000000E+00, 0.000000E+00, 0.000000E+00, 0.000000E+00                      
 0.180000E+03, 0.202218E+02, 0.247555E+03,-0.398415E+00, 0.100375E+06, 0.780988E+02, 0.210718E+02, 0.000000E+00, 0.000000E+00, 0.000000E+00, 0.000000E+00, 0.000000E+00, 0.829398E+00, 0.000000E+00, 0.000000E+00, 0.000000E+00, 0.218250E+02, 0.218431E+02, 0.347706E+01, 0.224362E+01,-0.523090E+00, 0.100374E+06, 0.778232E+02, 0.212603E+02, 0.000000E+00, 0.000000E+00, 0.000000E+00, 0.000000E+00, 0.000000E+00, 0.916467E+00, 0.000000E+00, 0.000000E+00, 0.000000E+00, 0.779087E+02, 0.211731E+02, 0.000000E+00, 0.000000E+00, 0.000000E+00, 0.000000E+00, 0.000000E+00, 0.918245E+00, 0.000000E+00, 0.000000E+00, 0.000000E+00, 0.219043E+02, 0.219347E+02, 0.333421E+01, 0.230960E+02,-0.578859E+00, 0.100374E+06, 0.778962E+02, 0.211808E+02, 0.000000E+00, 0.000000E+00, 0.000000E+00, 0.000000E+00, 0.000000E+00, 0.922998E+00, 0.000000E+00, 0.000000E+00, 0.000000E+00, 0.778943E+02, 0.211807E+02, 0.000000E+00, 0.000000E+00, 0.000000E+00, 0.000000E+00, 0.000000E+00, 0.924992E+00, 0.000000E+00, 0.000000E+00, 0.000000E+00, 0.655570E+02, 0.312941E+02, 0.128002E+01, 0.205593E+03, 0.104294E+05, 0.110804E+06, 0.776496E+02, 0.203287E+02, 0.505302E+00, 0.660740E-02, 0.000000E+00, 0.000000E+00, 0.000000E+00, 0.147192E+01, 0.676349E+00, 0.676349E+00, 0.000000E+00, 0.778910E+02, 0.211837E+02, 0.000000E+00, 0.000000E+00, 0.000000E+00, 0.000000E+00, 0.000000E+00, 0.925250E+00, 0.000000E+00, 0.000000E+00, 0.000000E+00, 0.208910E+02, 0.678132E+03,-0.592586E+00, 0.100374E+06, 0.780156E+02, 0.211146E+02, 0.000000E+00, 0.000000E+00, 0.000000E+00, 0.000000E+00, 0.000000E+00, 0.869787E+00, 0.000000E+00, 0.000000E+00, 0.000000E+00, 0.219245E+02, 0.219508E+02, 0.698983E+01, 0.995179E+00,-0.320132E+02, 0.100301E+06, 0.778918E+02, 0.211830E+02, 0.000000E+00, 0.000000E+00, 0.000000E+00, 0.000000E+00, 0.000000E+00, 0.925219E+00, 0.000000E+00, 0.000000E+00, 0.000000E+00, 0.778843E+02, 0.211901E+02, 0.000000E+00, 0.000000E+00, 0.000000E+00, 0.000000E+00, 0.000000E+00, 0.925530E+00, 0.000000E+00, 0.000000E+00, 0.000000E+00, 0.218893E+02, 0.219149E+02, 0.349160E+01, 0.117064E+01,-0.320118E+02, 0.100301E+06, 0.779266E+02, 0.211496E+02, 0.000000E+00, 0.000000E+00, 0.000000E+00, 0.000000E+00, 0.000000E+00, 0.923760E+00, 0.000000E+00, 0.000000E+00, 0.000000E+00, 0.778845E+02, 0.211900E+02, 0.000000E+00, 0.000000E+00, 0.000000E+00, 0.000000E+00, 0.000000E+00, 0.925524E+00, 0.000000E+00, 0.000000E+00, 0.000000E+00, 0.219070E+02, 0.219328E+02, 0.349953E+01, 0.435085E-01,-0.330373E+02, 0.100300E+06, 0.779022E+02, 0.211730E+02, 0.000000E+00, 0.000000E+00, 0.000000E+00, 0.000000E+00, 0.000000E+00, 0.924782E+00, 0.000000E+00, 0.000000E+00, 0.000000E+00, 0.778845E+02, 0.211900E+02, 0.000000E+00, 0.000000E+00, 0.000000E+00, 0.000000E+00, 0.000000E+00, 0.925525E+00, 0.000000E+00, 0.000000E+00, 0.000000E+00, 0.217591E+02, 0.217094E+02, 0.329122E+01, 0.290850E+02, 0.956730E+00, 0.100293E+06, 0.778690E+02, 0.212122E+02, 0.000000E+00, 0.000000E+00, 0.000000E+00, 0.000000E+00, 0.000000E+00, 0.918732E+00, 0.000000E+00, 0.000000E+00, 0.000000E+00, 0.779126E+02, 0.211758E+02, 0.000000E+00, 0.000000E+00, 0.000000E+00, 0.000000E+00, 0.000000E+00, 0.911566E+00, 0.000000E+00, 0.000000E+00, 0.000000E+00, 0.219267E+02, 0.219546E+02, 0.348622E+01, 0.127587E+01, 0.947106E+00, 0.100293E+06, 0.779067E+02, 0.211772E+02, 0.000000E+00, 0.000000E+00, 0.000000E+00, 0.000000E+00, 0.000000E+00, 0.916095E+00, 0.000000E+00, 0.000000E+00, 0.000000E+00, 0.778754E+02, 0.211988E+02, 0.000000E+00, 0.000000E+00, 0.000000E+00, 0.000000E+00, 0.000000E+00, 0.925783E+00, 0.000000E+00, 0.000000E+00, 0.000000E+00, 0.100000E+01, 0.126648E+01, 0.919604E-02, 0.395430E+06, 0.395430E+06, 0.292223E+06, 0.395430E+06, 0.000000E+00, 0.149919E+01, 0.000000E+00, 0.000000E+00, 0.000000E+00, 0.000000E+00, 0.000000E+00, 0.000000E+00, 0.000000E+00, 0.000000E+00, 0.000000E+00, 0.000000E+00, 0.000000E+00, 0.000000E+00, 0.000000E+00, 0.000000E+00, 0.000000E+00, 0.000000E+00, 0.000000E+00, 0.000000E+00, 0.000000E+00, 0.000000E+00, 0.000000E+00, 0.000000E+00, 0.000000E+00, 0.000000E+00, 0.000000E+00, 0.000000E+00, 0.000000E+00, 0.000000E+00, 0.000000E+00, 0.000000E+00, 0.000000E+00, 0.000000E+00, 0.000000E+00, 0.000000E+00, 0.000000E+00, 0.000000E+00                      
 0.190000E+03, 0.201157E+02, 0.247555E+03,-0.392250E+00, 0.100375E+06, 0.781126E+02, 0.210642E+02, 0.000000E+00, 0.000000E+00, 0.000000E+00, 0.000000E+00, 0.000000E+00, 0.823188E+00, 0.000000E+00, 0.000000E+00, 0.000000E+00, 0.218043E+02, 0.218213E+02, 0.347706E+01, 0.224390E+01,-0.521052E+00, 0.100374E+06, 0.778232E+02, 0.212603E+02, 0.000000E+00, 0.000000E+00, 0.000000E+00, 0.000000E+00, 0.000000E+00, 0.916467E+00, 0.000000E+00, 0.000000E+00, 0.000000E+00, 0.779109E+02, 0.211719E+02, 0.000000E+00, 0.000000E+00, 0.000000E+00, 0.000000E+00, 0.000000E+00, 0.917228E+00, 0.000000E+00, 0.000000E+00, 0.000000E+00, 0.218959E+02, 0.219267E+02, 0.332434E+01, 0.244711E+02,-0.576560E+00, 0.100374E+06, 0.778964E+02, 0.211808E+02, 0.000000E+00, 0.000000E+00, 0.000000E+00, 0.000000E+00, 0.000000E+00, 0.922723E+00, 0.000000E+00, 0.000000E+00, 0.000000E+00, 0.778944E+02, 0.211807E+02, 0.000000E+00, 0.000000E+00, 0.000000E+00, 0.000000E+00, 0.000000E+00, 0.924955E+00, 0.000000E+00, 0.000000E+00, 0.000000E+00, 0.689075E+02, 0.322867E+02, 0.116806E+01, 0.215961E+03, 0.116751E+05, 0.112050E+06, 0.776271E+02, 0.202548E+02, 0.549695E+00, 0.718789E-02, 0.000000E+00, 0.000000E+00, 0.000000E+00, 0.152000E+01, 0.736785E+00, 0.736785E+00, 0.000000E+00, 0.778921E+02, 0.211827E+02, 0.000000E+00, 0.000000E+00, 0.000000E+00, 0.000000E+00, 0.000000E+00, 0.925205E+00, 0.000000E+00, 0.000000E+00, 0.000000E+00, 0.208169E+02, 0.678132E+03,-0.587340E+00, 0.100374E+06, 0.780243E+02, 0.211099E+02, 0.000000E+00, 0.000000E+00, 0.000000E+00, 0.000000E+00, 0.000000E+00, 0.865816E+00, 0.000000E+00, 0.000000E+00, 0.000000E+00, 0.219180E+02, 0.219446E+02, 0.698880E+01, 0.109537E+01,-0.344644E+02, 0.100299E+06, 0.778913E+02, 0.211834E+02, 0.000000E+00, 0.000000E+00, 0.000000E+00, 0.000000E+00, 0.000000E+00, 0.925237E+00, 0.000000E+00, 0.000000E+00, 0.000000E+00, 0.778843E+02, 0.211901E+02, 0.000000E+00, 0.000000E+00, 0.000000E+00, 0.000000E+00, 0.000000E+00, 0.925530E+00, 0.000000E+00, 0.000000E+00, 0.000000E+00, 0.218806E+02, 0.219063E+02, 0.349065E+01, 0.130247E+01,-0.344629E+02, 0.100299E+06, 0.779228E+02, 0.211533E+02, 0.000000E+00, 0.000000E+00, 0.000000E+00, 0.000000E+00, 0.000000E+00, 0.923920E+00, 0.000000E+00, 0.000000E+00, 0.000000E+00, 0.778845E+02, 0.211900E+02, 0.000000E+00, 0.000000E+00, 0.000000E+00, 0.000000E+00, 0.000000E+00, 0.925524E+00, 0.000000E+00, 0.000000E+00, 0.000000E+00, 0.218993E+02, 0.219253E+02, 0.349952E+01, 0.443959E-01,-0.355837E+02, 0.100298E+06, 0.779019E+02, 0.211733E+02, 0.000000E+00, 0.000000E+00, 0.000000E+00, 0.000000E+00, 0.000000E+00, 0.924796E+00, 0.000000E+00, 0.000000E+00, 0.000000E+00, 0.778845E+02, 0.211900E+02, 0.000000E+00, 0.000000E+00, 0.000000E+00, 0.000000E+00, 0.000000E+00, 0.925525E+00, 0.000000E+00, 0.000000E+00, 0.000000E+00, 0.217517E+02, 0.216865E+02, 0.328781E+01, 0.295590E+02, 0.944244E+00, 0.100293E+06, 0.778692E+02, 0.212119E+02, 0.000000E+00, 0.000000E+00, 0.000000E+00, 0.000000E+00, 0.000000E+00, 0.918816E+00, 0.000000E+00, 0.000000E+00, 0.000000E+00, 0.779154E+02, 0.211742E+02, 0.000000E+00, 0.000000E+00, 0.000000E+00, 0.000000E+00, 0.000000E+00, 0.910448E+00, 0.000000E+00, 0.000000E+00, 0.000000E+00, 0.219202E+02, 0.219483E+02, 0.348537E+01, 0.135450E+01, 0.933967E+00, 0.100293E+06, 0.779066E+02, 0.211776E+02, 0.000000E+00, 0.000000E+00, 0.000000E+00, 0.000000E+00, 0.000000E+00, 0.915833E+00, 0.000000E+00, 0.000000E+00, 0.000000E+00, 0.778754E+02, 0.211988E+02, 0.000000E+00, 0.000000E+00, 0.000000E+00, 0.000000E+00, 0.000000E+00, 0.925762E+00, 0.000000E+00, 0.000000E+00, 0.000000E+00, 0.100000E+01, 0.113024E+01, 0.880377E-02, 0.378562E+06, 0.378562E+06, 0.279757E+06, 0.378562E+06, 0.000000E+00, 0.145477E+01, 0.000000E+00, 0.000000E+00, 0.000000E+00, 0.000000E+00, 0.000000E+00, 0.000000E+00, 0.000000E+00, 0.000000E+00, 0.000000E+00, 0.000000E+00, 0.000000E+00, 0.000000E+00, 0.000000E+00, 0.000000E+00, 0.000000E+00, 0.000000E+00, 0.000000E+00, 0.000000E+00, 0.000000E+00, 0.000000E+00, 0.000000E+00, 0.000000E+00, 0.000000E+00, 0.000000E+00, 0.000000E+00, 0.000000E+00, 0.000000E+00, 0.000000E+00, 0.000000E+00, 0.000000E+00, 0.000000E+00, 0.000000E+00, 0.000000E+00, 0.000000E+00, 0.000000E+00, 0.000000E+00                      
 0.200000E+03, 0.200152E+02, 0.247555E+03,-0.386384E+00, 0.100375E+06, 0.781259E+02, 0.210569E+02, 0.000000E+00, 0.000000E+00, 0.000000E+00, 0.000000E+00, 0.000000E+00, 0.817161E+00, 0.000000E+00, 0.000000E+00, 0.000000E+00, 0.217830E+02, 0.217990E+02, 0.347706E+01, 0.224412E+01,-0.518973E+00, 0.100374E+06, 0.778233E+02, 0.212603E+02, 0.000000E+00, 0.000000E+00, 0.000000E+00, 0.000000E+00, 0.000000E+00, 0.916467E+00, 0.000000E+00, 0.000000E+00, 0.000000E+00, 0.779132E+02, 0.211707E+02, 0.000000E+00, 0.000000E+00, 0.000000E+00, 0.000000E+00, 0.000000E+00, 0.916156E+00, 0.000000E+00, 0.000000E+00, 0.000000E+00, 0.218874E+02, 0.219186E+02, 0.331521E+01, 0.257433E+02,-0.574266E+00, 0.100374E+06, 0.778968E+02, 0.211808E+02, 0.000000E+00, 0.000000E+00, 0.000000E+00, 0.000000E+00, 0.000000E+00, 0.922445E+00, 0.000000E+00, 0.000000E+00, 0.000000E+00, 0.778945E+02, 0.211806E+02, 0.000000E+00, 0.000000E+00, 0.000000E+00, 0.000000E+00, 0.000000E+00, 0.924910E+00, 0.000000E+00, 0.000000E+00, 0.000000E+00, 0.716173E+02, 0.331191E+02, 0.106958E+01, 0.225081E+03, 0.127623E+05, 0.113137E+06, 0.776068E+02, 0.201875E+02, 0.590026E+00, 0.771526E-02, 0.000000E+00, 0.000000E+00, 0.000000E+00, 0.156367E+01, 0.792268E+00, 0.792268E+00, 0.000000E+00, 0.778931E+02, 0.211817E+02, 0.000000E+00, 0.000000E+00, 0.000000E+00, 0.000000E+00, 0.000000E+00, 0.925162E+00, 0.000000E+00, 0.000000E+00, 0.000000E+00, 0.207455E+02, 0.678132E+03,-0.582272E+00, 0.100374E+06, 0.780329E+02, 0.211052E+02, 0.000000E+00, 0.000000E+00, 0.000000E+00, 0.000000E+00, 0.000000E+00, 0.861927E+00, 0.000000E+00, 0.000000E+00, 0.000000E+00, 0.219115E+02, 0.219383E+02, 0.698775E+01, 0.119783E+01,-0.369429E+02, 0.100296E+06, 0.778910E+02, 0.211838E+02, 0.000000E+00, 0.000000E+00, 0.000000E+00, 0.000000E+00, 0.000000E+00, 0.925253E+00, 0.000000E+00, 0.000000E+00, 0.000000E+00, 0.778843E+02, 0.211901E+02, 0.000000E+00, 0.000000E+00, 0.000000E+00, 0.000000E+00, 0.000000E+00, 0.925530E+00, 0.000000E+00, 0.000000E+00, 0.000000E+00, 0.218718E+02, 0.218977E+02, 0.348967E+01, 0.143938E+01,-0.369414E+02, 0.100296E+06, 0.779195E+02, 0.211564E+02, 0.000000E+00, 0.000000E+00, 0.000000E+00, 0.000000E+00, 0.000000E+00, 0.924057E+00, 0.000000E+00, 0.000000E+00, 0.000000E+00, 0.778845E+02, 0.211900E+02, 0.000000E+00, 0.000000E+00, 0.000000E+00, 0.000000E+00, 0.000000E+00, 0.925524E+00, 0.000000E+00, 0.000000E+00, 0.000000E+00, 0.218916E+02, 0.219177E+02, 0.349951E+01, 0.452949E-01,-0.381591E+02, 0.100295E+06, 0.779016E+02, 0.211736E+02, 0.000000E+00, 0.000000E+00, 0.000000E+00, 0.000000E+00, 0.000000E+00, 0.924809E+00, 0.000000E+00, 0.000000E+00, 0.000000E+00, 0.778845E+02, 0.211900E+02, 0.000000E+00, 0.000000E+00, 0.000000E+00, 0.000000E+00, 0.000000E+00, 0.925525E+00, 0.000000E+00, 0.000000E+00, 0.000000E+00, 0.217442E+02, 0.216627E+02, 0.328431E+01, 0.300479E+02, 0.932276E+00, 0.100293E+06, 0.778695E+02, 0.212116E+02, 0.000000E+00, 0.000000E+00, 0.000000E+00, 0.000000E+00, 0.000000E+00, 0.918908E+00, 0.000000E+00, 0.000000E+00, 0.000000E+00, 0.779182E+02, 0.211725E+02, 0.000000E+00, 0.000000E+00, 0.000000E+00, 0.000000E+00, 0.000000E+00, 0.909262E+00, 0.000000E+00, 0.000000E+00, 0.000000E+00, 0.219136E+02, 0.219419E+02, 0.348459E+01, 0.142689E+01, 0.921314E+00, 0.100293E+06, 0.779066E+02, 0.211778E+02, 0.000000E+00, 0.000000E+00, 0.000000E+00, 0.000000E+00, 0.000000E+00, 0.915563E+00, 0.000000E+00, 0.000000E+00, 0.000000E+00, 0.778755E+02, 0.211988E+02, 0.000000E+00, 0.000000E+00, 0.000000E+00, 0.000000E+00, 0.000000E+00, 0.925737E+00, 0.000000E+00, 0.000000E+00, 0.000000E+00, 0.100000E+01, 0.101195E+01, 0.842823E-02, 0.362414E+06, 0.362414E+06, 0.267824E+06, 0.362414E+06, 0.000000E+00, 0.141111E+01, 0.000000E+00, 0.000000E+00, 0.000000E+00, 0.000000E+00, 0.000000E+00, 0.000000E+00, 0.000000E+00, 0.000000E+00, 0.000000E+00, 0.000000E+00, 0.000000E+00, 0.000000E+00, 0.000000E+00, 0.000000E+00, 0.000000E+00, 0.000000E+00, 0.000000E+00, 0.000000E+00, 0.000000E+00, 0.000000E+00, 0.000000E+00, 0.000000E+00, 0.000000E+00, 0.000000E+00, 0.000000E+00, 0.000000E+00, 0.000000E+00, 0.000000E+00, 0.000000E+00, 0.000000E+00, 0.000000E+00, 0.000000E+00, 0.000000E+00, 0.000000E+00, 0.000000E+00, 0.000000E+00                      
 0.210000E+03, 0.199200E+02, 0.247555E+03,-0.380802E+00, 0.100375E+06, 0.781389E+02, 0.210498E+02, 0.000000E+00, 0.000000E+00, 0.000000E+00, 0.000000E+00, 0.000000E+00, 0.811311E+00, 0.000000E+00, 0.000000E+00, 0.000000E+00, 0.217612E+02, 0.217760E+02, 0.347705E+01, 0.224429E+01,-0.516856E+00, 0.100374E+06, 0.778233E+02, 0.212603E+02, 0.000000E+00, 0.000000E+00, 0.000000E+00, 0.000000E+00, 0.000000E+00, 0.916467E+00, 0.000000E+00, 0.000000E+00, 0.000000E+00, 0.779156E+02, 0.211694E+02, 0.000000E+00, 0.000000E+00, 0.000000E+00, 0.000000E+00, 0.000000E+00, 0.915032E+00, 0.000000E+00, 0.000000E+00, 0.000000E+00, 0.218788E+02, 0.219103E+02, 0.330680E+01, 0.269138E+02,-0.571973E+00, 0.100374E+06, 0.778971E+02, 0.211807E+02, 0.000000E+00, 0.000000E+00, 0.000000E+00, 0.000000E+00, 0.000000E+00, 0.922166E+00, 0.000000E+00, 0.000000E+00, 0.000000E+00, 0.778946E+02, 0.211805E+02, 0.000000E+00, 0.000000E+00, 0.000000E+00, 0.000000E+00, 0.000000E+00, 0.924858E+00, 0.000000E+00, 0.000000E+00, 0.000000E+00, 0.737905E+02, 0.338054E+02, 0.982558E+00, 0.233140E+03, 0.137027E+05, 0.114078E+06, 0.775883E+02, 0.201256E+02, 0.627097E+00, 0.820000E-02, 0.000000E+00, 0.000000E+00, 0.000000E+00, 0.160381E+01, 0.843756E+00, 0.843756E+00, 0.000000E+00, 0.778941E+02, 0.211808E+02, 0.000000E+00, 0.000000E+00, 0.000000E+00, 0.000000E+00, 0.000000E+00, 0.925122E+00, 0.000000E+00, 0.000000E+00, 0.000000E+00, 0.206765E+02, 0.678132E+03,-0.577376E+00, 0.100374E+06, 0.780413E+02, 0.211006E+02, 0.000000E+00, 0.000000E+00, 0.000000E+00, 0.000000E+00, 0.000000E+00, 0.858119E+00, 0.000000E+00, 0.000000E+00, 0.000000E+00, 0.219049E+02, 0.219319E+02, 0.698668E+01, 0.130237E+01,-0.394455E+02, 0.100294E+06, 0.778906E+02, 0.211841E+02, 0.000000E+00, 0.000000E+00, 0.000000E+00, 0.000000E+00, 0.000000E+00, 0.925267E+00, 0.000000E+00, 0.000000E+00, 0.000000E+00, 0.778843E+02, 0.211901E+02, 0.000000E+00, 0.000000E+00, 0.000000E+00, 0.000000E+00, 0.000000E+00, 0.925530E+00, 0.000000E+00, 0.000000E+00, 0.000000E+00, 0.218631E+02, 0.218889E+02, 0.348865E+01, 0.158125E+01,-0.394438E+02, 0.100294E+06, 0.779167E+02, 0.211591E+02, 0.000000E+00, 0.000000E+00, 0.000000E+00, 0.000000E+00, 0.000000E+00, 0.924174E+00, 0.000000E+00, 0.000000E+00, 0.000000E+00, 0.778845E+02, 0.211900E+02, 0.000000E+00, 0.000000E+00, 0.000000E+00, 0.000000E+00, 0.000000E+00, 0.925524E+00, 0.000000E+00, 0.000000E+00, 0.000000E+00, 0.218838E+02, 0.219101E+02, 0.349950E+01, 0.462040E-01,-0.407601E+02, 0.100293E+06, 0.779013E+02, 0.211739E+02, 0.000000E+00, 0.000000E+00, 0.000000E+00, 0.000000E+00, 0.000000E+00, 0.924822E+00, 0.000000E+00, 0.000000E+00, 0.000000E+00, 0.778845E+02, 0.211900E+02, 0.000000E+00, 0.000000E+00, 0.000000E+00, 0.000000E+00, 0.000000E+00, 0.925525E+00, 0.000000E+00, 0.000000E+00, 0.000000E+00, 0.217366E+02, 0.216380E+02, 0.328068E+01, 0.305536E+02, 0.920800E+00, 0.100293E+06, 0.778697E+02, 0.212113E+02, 0.000000E+00, 0.000000E+00, 0.000000E+00, 0.000000E+00, 0.000000E+00, 0.919005E+00, 0.000000E+00, 0.000000E+00, 0.000000E+00, 0.779213E+02, 0.211707E+02, 0.000000E+00, 0.000000E+00, 0.000000E+00, 0.000000E+00, 0.000000E+00, 0.908012E+00, 0.000000E+00, 0.000000E+00, 0.000000E+00, 0.219069E+02, 0.219354E+02, 0.348388E+01, 0.149299E+01, 0.909125E+00, 0.100293E+06, 0.779067E+02, 0.211780E+02, 0.000000E+00, 0.000000E+00, 0.000000E+00, 0.000000E+00, 0.000000E+00, 0.915289E+00, 0.000000E+00, 0.000000E+00, 0.000000E+00, 0.778756E+02, 0.211987E+02, 0.000000E+00, 0.000000E+00, 0.000000E+00, 0.000000E+00, 0.000000E+00, 0.925710E+00, 0.000000E+00, 0.000000E+00, 0.000000E+00, 0.100000E+01, 0.908781E+00, 0.806871E-02, 0.346955E+06, 0.346955E+06, 0.256399E+06, 0.346955E+06, 0.000000E+00, 0.136821E+01, 0.000000E+00, 0.000000E+00, 0.000000E+00, 0.000000E+00, 0.000000E+00, 0.000000E+00, 0.000000E+00, 0.000000E+00, 0.000000E+00, 0.000000E+00, 0.000000E+00, 0.000000E+00, 0.000000E+00, 0.000000E+00, 0.000000E+00, 0.000000E+00, 0.000000E+00, 0.000000E+00, 0.000000E+00, 0.000000E+00, 0.000000E+00, 0.000000E+00, 0.000000E+00, 0.000000E+00, 0.000000E+00, 0.000000E+00, 0.000000E+00, 0.000000E+00, 0.000000E+00, 0.000000E+00, 0.000000E+00, 0.000000E+00, 0.000000E+00, 0.000000E+00, 0.000000E+00, 0.000000E+00                      
 0.220000E+03, 0.198298E+02, 0.247555E+03,-0.375487E+00, 0.100375E+06, 0.781515E+02, 0.210429E+02, 0.000000E+00, 0.000000E+00, 0.000000E+00, 0.000000E+00, 0.000000E+00, 0.805631E+00, 0.000000E+00, 0.000000E+00, 0.000000E+00, 0.217391E+02, 0.217526E+02, 0.347705E+01, 0.224440E+01,-0.514698E+00, 0.100374E+06, 0.778233E+02, 0.212603E+02, 0.000000E+00, 0.000000E+00, 0.000000E+00, 0.000000E+00, 0.000000E+00, 0.916467E+00, 0.000000E+00, 0.000000E+00, 0.000000E+00, 0.779181E+02, 0.211680E+02, 0.000000E+00, 0.000000E+00, 0.000000E+00, 0.000000E+00, 0.000000E+00, 0.913858E+00, 0.000000E+00, 0.000000E+00, 0.000000E+00, 0.218702E+02, 0.219019E+02, 0.329911E+01, 0.279854E+02,-0.569674E+00, 0.100374E+06, 0.778975E+02, 0.211806E+02, 0.000000E+00, 0.000000E+00, 0.000000E+00, 0.000000E+00, 0.000000E+00, 0.921888E+00, 0.000000E+00, 0.000000E+00, 0.000000E+00, 0.778948E+02, 0.211804E+02, 0.000000E+00, 0.000000E+00, 0.000000E+00, 0.000000E+00, 0.000000E+00, 0.924799E+00, 0.000000E+00, 0.000000E+00, 0.000000E+00, 0.755088E+02, 0.343575E+02, 0.905336E+00, 0.240292E+03, 0.145079E+05, 0.114883E+06, 0.775712E+02, 0.200681E+02, 0.661476E+00, 0.864955E-02, 0.000000E+00, 0.000000E+00, 0.000000E+00, 0.164104E+01, 0.891907E+00, 0.891907E+00, 0.000000E+00, 0.778950E+02, 0.211799E+02, 0.000000E+00, 0.000000E+00, 0.000000E+00, 0.000000E+00, 0.000000E+00, 0.925084E+00, 0.000000E+00, 0.000000E+00, 0.000000E+00, 0.206100E+02, 0.678132E+03,-0.572652E+00, 0.100374E+06, 0.780495E+02, 0.210961E+02, 0.000000E+00, 0.000000E+00, 0.000000E+00, 0.000000E+00, 0.000000E+00, 0.854390E+00, 0.000000E+00, 0.000000E+00, 0.000000E+00, 0.218982E+02, 0.219254E+02, 0.698560E+01, 0.140883E+01,-0.419691E+02, 0.100291E+06, 0.778903E+02, 0.211844E+02, 0.000000E+00, 0.000000E+00, 0.000000E+00, 0.000000E+00, 0.000000E+00, 0.925281E+00, 0.000000E+00, 0.000000E+00, 0.000000E+00, 0.778843E+02, 0.211901E+02, 0.000000E+00, 0.000000E+00, 0.000000E+00, 0.000000E+00, 0.000000E+00, 0.925530E+00, 0.000000E+00, 0.000000E+00, 0.000000E+00, 0.218542E+02, 0.218802E+02, 0.348760E+01, 0.172796E+01,-0.419674E+02, 0.100291E+06, 0.779143E+02, 0.211614E+02, 0.000000E+00, 0.000000E+00, 0.000000E+00, 0.000000E+00, 0.000000E+00, 0.924276E+00, 0.000000E+00, 0.000000E+00, 0.000000E+00, 0.778845E+02, 0.211900E+02, 0.000000E+00, 0.000000E+00, 0.000000E+00, 0.000000E+00, 0.000000E+00, 0.925524E+00, 0.000000E+00, 0.000000E+00, 0.000000E+00, 0.218759E+02, 0.219024E+02, 0.349949E+01, 0.471222E-01,-0.433835E+02, 0.100290E+06, 0.779009E+02, 0.211742E+02, 0.000000E+00, 0.000000E+00, 0.000000E+00, 0.000000E+00, 0.000000E+00, 0.924835E+00, 0.000000E+00, 0.000000E+00, 0.000000E+00, 0.778845E+02, 0.211900E+02, 0.000000E+00, 0.000000E+00, 0.000000E+00, 0.000000E+00, 0.000000E+00, 0.925525E+00, 0.000000E+00, 0.000000E+00, 0.000000E+00, 0.217288E+02, 0.216126E+02, 0.327692E+01, 0.310773E+02, 0.909790E+00, 0.100293E+06, 0.778698E+02, 0.212110E+02, 0.000000E+00, 0.000000E+00, 0.000000E+00, 0.000000E+00, 0.000000E+00, 0.919105E+00, 0.000000E+00, 0.000000E+00, 0.000000E+00, 0.779244E+02, 0.211689E+02, 0.000000E+00, 0.000000E+00, 0.000000E+00, 0.000000E+00, 0.000000E+00, 0.906702E+00, 0.000000E+00, 0.000000E+00, 0.000000E+00, 0.219001E+02, 0.219287E+02, 0.348323E+01, 0.155291E+01, 0.897378E+00, 0.100293E+06, 0.779068E+02, 0.211782E+02, 0.000000E+00, 0.000000E+00, 0.000000E+00, 0.000000E+00, 0.000000E+00, 0.915014E+00, 0.000000E+00, 0.000000E+00, 0.000000E+00, 0.778757E+02, 0.211987E+02, 0.000000E+00, 0.000000E+00, 0.000000E+00, 0.000000E+00, 0.000000E+00, 0.925678E+00, 0.000000E+00, 0.000000E+00, 0.000000E+00, 0.100000E+01, 0.818430E+00, 0.772453E-02, 0.332155E+06, 0.332155E+06, 0.245462E+06, 0.332155E+06, 0.000000E+00, 0.132606E+01, 0.000000E+00, 0.000000E+00, 0.000000E+00, 0.000000E+00, 0.000000E+00, 0.000000E+00, 0.000000E+00, 0.000000E+00, 0.000000E+00, 0.000000E+00, 0.000000E+00, 0.000000E+00, 0.000000E+00, 0.000000E+00, 0.000000E+00, 0.000000E+00, 0.000000E+00, 0.000000E+00, 0.000000E+00, 0.000000E+00, 0.000000E+00, 0.000000E+00, 0.000000E+00, 0.000000E+00, 0.000000E+00, 0.000000E+00, 0.000000E+00, 0.000000E+00, 0.000000E+00, 0.000000E+00, 0.000000E+00, 0.000000E+00, 0.000000E+00, 0.000000E+00, 0.000000E+00, 0.000000E+00                      
 0.230000E+03, 0.197444E+02, 0.247555E+03,-0.370415E+00, 0.100375E+06, 0.781637E+02, 0.210361E+02, 0.000000E+00, 0.000000E+00, 0.000000E+00, 0.000000E+00, 0.000000E+00, 0.800116E+00, 0.000000E+00, 0.000000E+00, 0.000000E+00, 0.217167E+02, 0.217288E+02, 0.347705E+01, 0.224446E+01,-0.512487E+00, 0.100374E+06, 0.778233E+02, 0.212603E+02, 0.000000E+00, 0.000000E+00, 0.000000E+00, 0.000000E+00, 0.000000E+00, 0.916466E+00, 0.000000E+00, 0.000000E+00, 0.000000E+00, 0.779208E+02, 0.211666E+02, 0.000000E+00, 0.000000E+00, 0.000000E+00, 0.000000E+00, 0.000000E+00, 0.912638E+00, 0.000000E+00, 0.000000E+00, 0.000000E+00, 0.218615E+02, 0.218933E+02, 0.329210E+01, 0.289615E+02,-0.567345E+00, 0.100374E+06, 0.778978E+02, 0.211806E+02, 0.000000E+00, 0.000000E+00, 0.000000E+00, 0.000000E+00, 0.000000E+00, 0.921614E+00, 0.000000E+00, 0.000000E+00, 0.000000E+00, 0.778950E+02, 0.211803E+02, 0.000000E+00, 0.000000E+00, 0.000000E+00, 0.000000E+00, 0.000000E+00, 0.924732E+00, 0.000000E+00, 0.000000E+00, 0.000000E+00, 0.768378E+02, 0.347872E+02, 0.836541E+00, 0.246663E+03, 0.151894E+05, 0.115564E+06, 0.775553E+02, 0.200143E+02, 0.693578E+00, 0.906932E-02, 0.000000E+00, 0.000000E+00, 0.000000E+00, 0.167579E+01, 0.937196E+00, 0.937196E+00, 0.000000E+00, 0.778959E+02, 0.211790E+02, 0.000000E+00, 0.000000E+00, 0.000000E+00, 0.000000E+00, 0.000000E+00, 0.925046E+00, 0.000000E+00, 0.000000E+00, 0.000000E+00, 0.205457E+02, 0.678132E+03,-0.568106E+00, 0.100374E+06, 0.780575E+02, 0.210918E+02, 0.000000E+00, 0.000000E+00, 0.000000E+00, 0.000000E+00, 0.000000E+00, 0.850735E+00, 0.000000E+00, 0.000000E+00, 0.000000E+00, 0.218915E+02, 0.219189E+02, 0.698449E+01, 0.151707E+01,-0.445111E+02, 0.100289E+06, 0.778900E+02, 0.211847E+02, 0.000000E+00, 0.000000E+00, 0.000000E+00, 0.000000E+00, 0.000000E+00, 0.925292E+00, 0.000000E+00, 0.000000E+00, 0.000000E+00, 0.778843E+02, 0.211901E+02, 0.000000E+00, 0.000000E+00, 0.000000E+00, 0.000000E+00, 0.000000E+00, 0.925530E+00, 0.000000E+00, 0.000000E+00, 0.000000E+00, 0.218454E+02, 0.218714E+02, 0.348651E+01, 0.187938E+01,-0.445093E+02, 0.100289E+06, 0.779122E+02, 0.211635E+02, 0.000000E+00, 0.000000E+00, 0.000000E+00, 0.000000E+00, 0.000000E+00, 0.924365E+00, 0.000000E+00, 0.000000E+00, 0.000000E+00, 0.778845E+02, 0.211900E+02, 0.000000E+00, 0.000000E+00, 0.000000E+00, 0.000000E+00, 0.000000E+00, 0.925524E+00, 0.000000E+00, 0.000000E+00, 0.000000E+00, 0.218680E+02, 0.218946E+02, 0.349948E+01, 0.480482E-01,-0.460263E+02, 0.100287E+06, 0.779006E+02, 0.211745E+02, 0.000000E+00, 0.000000E+00, 0.000000E+00, 0.000000E+00, 0.000000E+00, 0.924848E+00, 0.000000E+00, 0.000000E+00, 0.000000E+00, 0.778845E+02, 0.211900E+02, 0.000000E+00, 0.000000E+00, 0.000000E+00, 0.000000E+00, 0.000000E+00, 0.925525E+00, 0.000000E+00, 0.000000E+00, 0.000000E+00, 0.217210E+02, 0.215866E+02, 0.327302E+01, 0.316197E+02, 0.899215E+00, 0.100293E+06, 0.778700E+02, 0.212108E+02, 0.000000E+00, 0.000000E+00, 0.000000E+00, 0.000000E+00, 0.000000E+00, 0.919207E+00, 0.000000E+00, 0.000000E+00, 0.000000E+00, 0.779276E+02, 0.211670E+02, 0.000000E+00, 0.000000E+00, 0.000000E+00, 0.000000E+00, 0.000000E+00, 0.905335E+00, 0.000000E+00, 0.000000E+00, 0.000000E+00, 0.218932E+02, 0.219220E+02, 0.348265E+01, 0.160686E+01, 0.886046E+00, 0.100293E+06, 0.779070E+02, 0.211783E+02, 0.000000E+00, 0.000000E+00, 0.000000E+00, 0.000000E+00, 0.000000E+00, 0.914744E+00, 0.000000E+00, 0.000000E+00, 0.000000E+00, 0.778758E+02, 0.211986E+02, 0.000000E+00, 0.000000E+00, 0.000000E+00, 0.000000E+00, 0.000000E+00, 0.925644E+00, 0.000000E+00, 0.000000E+00, 0.000000E+00, 0.100000E+01, 0.738998E+00, 0.739503E-02, 0.317986E+06, 0.317986E+06, 0.234992E+06, 0.317986E+06, 0.000000E+00, 0.128463E+01, 0.000000E+00, 0.000000E+00, 0.000000E+00, 0.000000E+00, 0.000000E+00, 0.000000E+00, 0.000000E+00, 0.000000E+00, 0.000000E+00, 0.000000E+00, 0.000000E+00, 0.000000E+00, 0.000000E+00, 0.000000E+00, 0.000000E+00, 0.000000E+00, 0.000000E+00, 0.000000E+00, 0.000000E+00, 0.000000E+00, 0.000000E+00, 0.000000E+00, 0.000000E+00, 0.000000E+00, 0.000000E+00, 0.000000E+00, 0.000000E+00, 0.000000E+00, 0.000000E+00, 0.000000E+00, 0.000000E+00, 0.000000E+00, 0.000000E+00, 0.000000E+00, 0.000000E+00, 0.000000E+00                      
 0.240000E+03, 0.196635E+02, 0.247555E+03,-0.365566E+00, 0.100375E+06, 0.781756E+02, 0.210296E+02, 0.000000E+00, 0.000000E+00, 0.000000E+00, 0.000000E+00, 0.000000E+00, 0.794760E+00, 0.000000E+00, 0.000000E+00, 0.000000E+00, 0.216942E+02, 0.217046E+02, 0.347705E+01, 0.224446E+01,-0.510217E+00, 0.100374E+06, 0.778233E+02, 0.212602E+02, 0.000000E+00, 0.000000E+00, 0.000000E+00, 0.000000E+00, 0.000000E+00, 0.916466E+00, 0.000000E+00, 0.000000E+00, 0.000000E+00, 0.779235E+02, 0.211651E+02, 0.000000E+00, 0.000000E+00, 0.000000E+00, 0.000000E+00, 0.000000E+00, 0.911372E+00, 0.000000E+00, 0.000000E+00, 0.000000E+00, 0.218527E+02, 0.218845E+02, 0.328575E+01, 0.298465E+02,-0.564967E+00, 0.100374E+06, 0.778982E+02, 0.211805E+02, 0.000000E+00, 0.000000E+00, 0.000000E+00, 0.000000E+00, 0.000000E+00, 0.921344E+00, 0.000000E+00, 0.000000E+00, 0.000000E+00, 0.778951E+02, 0.211802E+02, 0.000000E+00, 0.000000E+00, 0.000000E+00, 0.000000E+00, 0.000000E+00, 0.924656E+00, 0.000000E+00, 0.000000E+00, 0.000000E+00, 0.778319E+02, 0.351054E+02, 0.775025E+00, 0.252360E+03, 0.157584E+05, 0.116133E+06, 0.775404E+02, 0.199638E+02, 0.723712E+00, 0.946335E-02, 0.000000E+00, 0.000000E+00, 0.000000E+00, 0.170841E+01, 0.979974E+00, 0.979974E+00, 0.000000E+00, 0.778967E+02, 0.211782E+02, 0.000000E+00, 0.000000E+00, 0.000000E+00, 0.000000E+00, 0.000000E+00, 0.925011E+00, 0.000000E+00, 0.000000E+00, 0.000000E+00, 0.204836E+02, 0.678132E+03,-0.563740E+00, 0.100374E+06, 0.780654E+02, 0.210875E+02, 0.000000E+00, 0.000000E+00, 0.000000E+00, 0.000000E+00, 0.000000E+00, 0.847154E+00, 0.000000E+00, 0.000000E+00, 0.000000E+00, 0.218847E+02, 0.219123E+02, 0.698337E+01, 0.162694E+01,-0.470690E+02, 0.100286E+06, 0.778898E+02, 0.211849E+02, 0.000000E+00, 0.000000E+00, 0.000000E+00, 0.000000E+00, 0.000000E+00, 0.925303E+00, 0.000000E+00, 0.000000E+00, 0.000000E+00, 0.778843E+02, 0.211901E+02, 0.000000E+00, 0.000000E+00, 0.000000E+00, 0.000000E+00, 0.000000E+00, 0.925530E+00, 0.000000E+00, 0.000000E+00, 0.000000E+00, 0.218366E+02, 0.218625E+02, 0.348539E+01, 0.203540E+01,-0.470671E+02, 0.100286E+06, 0.779103E+02, 0.211652E+02, 0.000000E+00, 0.000000E+00, 0.000000E+00, 0.000000E+00, 0.000000E+00, 0.924443E+00, 0.000000E+00, 0.000000E+00, 0.000000E+00, 0.778845E+02, 0.211900E+02, 0.000000E+00, 0.000000E+00, 0.000000E+00, 0.000000E+00, 0.000000E+00, 0.925524E+00, 0.000000E+00, 0.000000E+00, 0.000000E+00, 0.218601E+02, 0.218868E+02, 0.349947E+01, 0.489809E-01,-0.486859E+02, 0.100285E+06, 0.779004E+02, 0.211748E+02, 0.000000E+00, 0.000000E+00, 0.000000E+00, 0.000000E+00, 0.000000E+00, 0.924860E+00, 0.000000E+00, 0.000000E+00, 0.000000E+00, 0.778845E+02, 0.211900E+02, 0.000000E+00, 0.000000E+00, 0.000000E+00, 0.000000E+00, 0.000000E+00, 0.925525E+00, 0.000000E+00, 0.000000E+00, 0.000000E+00, 0.217131E+02, 0.215600E+02, 0.326899E+01, 0.321812E+02, 0.889052E+00, 0.100293E+06, 0.778702E+02, 0.212105E+02, 0.000000E+00, 0.000000E+00, 0.000000E+00, 0.000000E+00, 0.000000E+00, 0.919310E+00, 0.000000E+00, 0.000000E+00, 0.000000E+00, 0.779310E+02, 0.211651E+02, 0.000000E+00, 0.000000E+00, 0.000000E+00, 0.000000E+00, 0.000000E+00, 0.903916E+00, 0.000000E+00, 0.000000E+00, 0.000000E+00, 0.218863E+02, 0.219151E+02, 0.348213E+01, 0.165512E+01, 0.875108E+00, 0.100293E+06, 0.779072E+02, 0.211783E+02, 0.000000E+00, 0.000000E+00, 0.000000E+00, 0.000000E+00, 0.000000E+00, 0.914479E+00, 0.000000E+00, 0.000000E+00, 0.000000E+00, 0.778759E+02, 0.211985E+02, 0.000000E+00, 0.000000E+00, 0.000000E+00, 0.000000E+00, 0.000000E+00, 0.925605E+00, 0.000000E+00, 0.000000E+00, 0.000000E+00, 0.100000E+01, 0.668912E+00, 0.707958E-02, 0.304422E+06, 0.304422E+06, 0.224968E+06, 0.304422E+06, 0.000000E+00, 0.124392E+01, 0.000000E+00, 0.000000E+00, 0.000000E+00, 0.000000E+00, 0.000000E+00, 0.000000E+00, 0.000000E+00, 0.000000E+00, 0.000000E+00, 0.000000E+00, 0.000000E+00, 0.000000E+00, 0.000000E+00, 0.000000E+00, 0.000000E+00, 0.000000E+00, 0.000000E+00, 0.000000E+00, 0.000000E+00, 0.000000E+00, 0.000000E+00, 0.000000E+00, 0.000000E+00, 0.000000E+00, 0.000000E+00, 0.000000E+00, 0.000000E+00, 0.000000E+00, 0.000000E+00, 0.000000E+00, 0.000000E+00, 0.000000E+00, 0.000000E+00, 0.000000E+00, 0.000000E+00, 0.000000E+00                      
 0.250000E+03, 0.195868E+02, 0.247555E+03,-0.360902E+00, 0.100375E+06, 0.781872E+02, 0.210233E+02, 0.000000E+00, 0.000000E+00, 0.000000E+00, 0.000000E+00, 0.000000E+00, 0.789558E+00, 0.000000E+00, 0.000000E+00, 0.000000E+00, 0.216716E+02, 0.216802E+02, 0.347705E+01, 0.224442E+01,-0.507848E+00, 0.100374E+06, 0.778233E+02, 0.212602E+02, 0.000000E+00, 0.000000E+00, 0.000000E+00, 0.000000E+00, 0.000000E+00, 0.916466E+00, 0.000000E+00, 0.000000E+00, 0.000000E+00, 0.779263E+02, 0.211636E+02, 0.000000E+00, 0.000000E+00, 0.000000E+00, 0.000000E+00, 0.000000E+00, 0.910065E+00, 0.000000E+00, 0.000000E+00, 0.000000E+00, 0.218439E+02, 0.218756E+02, 0.328002E+01, 0.306451E+02,-0.562479E+00, 0.100374E+06, 0.778986E+02, 0.211803E+02, 0.000000E+00, 0.000000E+00, 0.000000E+00, 0.000000E+00, 0.000000E+00, 0.921081E+00, 0.000000E+00, 0.000000E+00, 0.000000E+00, 0.778953E+02, 0.211801E+02, 0.000000E+00, 0.000000E+00, 0.000000E+00, 0.000000E+00, 0.000000E+00, 0.924569E+00, 0.000000E+00, 0.000000E+00, 0.000000E+00, 0.785367E+02, 0.353229E+02, 0.719828E+00, 0.257472E+03, 0.162255E+05, 0.116601E+06, 0.775264E+02, 0.199161E+02, 0.752116E+00, 0.983477E-02, 0.000000E+00, 0.000000E+00, 0.000000E+00, 0.173916E+01, 0.102051E+01, 0.102051E+01, 0.000000E+00, 0.778975E+02, 0.211775E+02, 0.000000E+00, 0.000000E+00, 0.000000E+00, 0.000000E+00, 0.000000E+00, 0.924978E+00, 0.000000E+00, 0.000000E+00, 0.000000E+00, 0.204236E+02, 0.678132E+03,-0.559580E+00, 0.100374E+06, 0.780731E+02, 0.210833E+02, 0.000000E+00, 0.000000E+00, 0.000000E+00, 0.000000E+00, 0.000000E+00, 0.843643E+00, 0.000000E+00, 0.000000E+00, 0.000000E+00, 0.218780E+02, 0.219057E+02, 0.698223E+01, 0.173831E+01,-0.496405E+02, 0.100284E+06, 0.778895E+02, 0.211852E+02, 0.000000E+00, 0.000000E+00, 0.000000E+00, 0.000000E+00, 0.000000E+00, 0.925314E+00, 0.000000E+00, 0.000000E+00, 0.000000E+00, 0.778843E+02, 0.211901E+02, 0.000000E+00, 0.000000E+00, 0.000000E+00, 0.000000E+00, 0.000000E+00, 0.925530E+00, 0.000000E+00, 0.000000E+00, 0.000000E+00, 0.218277E+02, 0.218537E+02, 0.348424E+01, 0.219590E+01,-0.496385E+02, 0.100284E+06, 0.779086E+02, 0.211668E+02, 0.000000E+00, 0.000000E+00, 0.000000E+00, 0.000000E+00, 0.000000E+00, 0.924513E+00, 0.000000E+00, 0.000000E+00, 0.000000E+00, 0.778845E+02, 0.211900E+02, 0.000000E+00, 0.000000E+00, 0.000000E+00, 0.000000E+00, 0.000000E+00, 0.925524E+00, 0.000000E+00, 0.000000E+00, 0.000000E+00, 0.218522E+02, 0.218789E+02, 0.349946E+01, 0.499193E-01,-0.513597E+02, 0.100282E+06, 0.779001E+02, 0.211751E+02, 0.000000E+00, 0.000000E+00, 0.000000E+00, 0.000000E+00, 0.000000E+00, 0.924872E+00, 0.000000E+00, 0.000000E+00, 0.000000E+00, 0.778845E+02, 0.211900E+02, 0.000000E+00, 0.000000E+00, 0.000000E+00, 0.000000E+00, 0.000000E+00, 0.925525E+00, 0.000000E+00, 0.000000E+00, 0.000000E+00, 0.217052E+02, 0.215330E+02, 0.326482E+01, 0.327619E+02, 0.879255E+00, 0.100293E+06, 0.778704E+02, 0.212102E+02, 0.000000E+00, 0.000000E+00, 0.000000E+00, 0.000000E+00, 0.000000E+00, 0.919414E+00, 0.000000E+00, 0.000000E+00, 0.000000E+00, 0.779345E+02, 0.211631E+02, 0.000000E+00, 0.000000E+00, 0.000000E+00, 0.000000E+00, 0.000000E+00, 0.902446E+00, 0.000000E+00, 0.000000E+00, 0.000000E+00, 0.218792E+02, 0.219081E+02, 0.348166E+01, 0.169808E+01, 0.864524E+00, 0.100293E+06, 0.779075E+02, 0.211783E+02, 0.000000E+00, 0.000000E+00, 0.000000E+00, 0.000000E+00, 0.000000E+00, 0.914222E+00, 0.000000E+00, 0.000000E+00, 0.000000E+00, 0.778760E+02, 0.211985E+02, 0.000000E+00, 0.000000E+00, 0.000000E+00, 0.000000E+00, 0.000000E+00, 0.925562E+00, 0.000000E+00, 0.000000E+00, 0.000000E+00, 0.100000E+01, 0.606864E+00, 0.677759E-02, 0.291436E+06, 0.291436E+06, 0.215371E+06, 0.291436E+06, 0.000000E+00, 0.120391E+01, 0.000000E+00, 0.000000E+00, 0.000000E+00, 0.000000E+00, 0.000000E+00, 0.000000E+00, 0.000000E+00, 0.000000E+00, 0.000000E+00, 0.000000E+00, 0.000000E+00, 0.000000E+00, 0.000000E+00, 0.000000E+00, 0.000000E+00, 0.000000E+00, 0.000000E+00, 0.000000E+00, 0.000000E+00, 0.000000E+00, 0.000000E+00, 0.000000E+00, 0.000000E+00, 0.000000E+00, 0.000000E+00, 0.000000E+00, 0.000000E+00, 0.000000E+00, 0.000000E+00, 0.000000E+00, 0.000000E+00, 0.000000E+00, 0.000000E+00, 0.000000E+00, 0.000000E+00, 0.000000E+00                      
 0.260000E+03, 0.195143E+02, 0.247555E+03,-0.356465E+00, 0.100375E+06, 0.781984E+02, 0.210171E+02, 0.000000E+00, 0.000000E+00, 0.000000E+00, 0.000000E+00, 0.000000E+00, 0.784506E+00, 0.000000E+00, 0.000000E+00, 0.000000E+00, 0.216491E+02, 0.216555E+02, 0.347705E+01, 0.224433E+01,-0.505474E+00, 0.100374E+06, 0.778233E+02, 0.212602E+02, 0.000000E+00, 0.000000E+00, 0.000000E+00, 0.000000E+00, 0.000000E+00, 0.916466E+00, 0.000000E+00, 0.000000E+00, 0.000000E+00, 0.779292E+02, 0.211620E+02, 0.000000E+00, 0.000000E+00, 0.000000E+00, 0.000000E+00, 0.000000E+00, 0.908719E+00, 0.000000E+00, 0.000000E+00, 0.000000E+00, 0.218349E+02, 0.218666E+02, 0.327486E+01, 0.313631E+02,-0.560013E+00, 0.100374E+06, 0.778990E+02, 0.211802E+02, 0.000000E+00, 0.000000E+00, 0.000000E+00, 0.000000E+00, 0.000000E+00, 0.920826E+00, 0.000000E+00, 0.000000E+00, 0.000000E+00, 0.778956E+02, 0.211800E+02, 0.000000E+00, 0.000000E+00, 0.000000E+00, 0.000000E+00, 0.000000E+00, 0.924471E+00, 0.000000E+00, 0.000000E+00, 0.000000E+00, 0.789912E+02, 0.354497E+02, 0.670142E+00, 0.262073E+03, 0.166007E+05, 0.116976E+06, 0.775132E+02, 0.198710E+02, 0.778978E+00, 0.101860E-01, 0.000000E+00, 0.000000E+00, 0.000000E+00, 0.176824E+01, 0.105902E+01, 0.105902E+01, 0.000000E+00, 0.778983E+02, 0.211768E+02, 0.000000E+00, 0.000000E+00, 0.000000E+00, 0.000000E+00, 0.000000E+00, 0.924947E+00, 0.000000E+00, 0.000000E+00, 0.000000E+00, 0.203657E+02, 0.678132E+03,-0.555560E+00, 0.100374E+06, 0.780807E+02, 0.210791E+02, 0.000000E+00, 0.000000E+00, 0.000000E+00, 0.000000E+00, 0.000000E+00, 0.840201E+00, 0.000000E+00, 0.000000E+00, 0.000000E+00, 0.218711E+02, 0.218990E+02, 0.698107E+01, 0.185104E+01,-0.522234E+02, 0.100281E+06, 0.778893E+02, 0.211854E+02, 0.000000E+00, 0.000000E+00, 0.000000E+00, 0.000000E+00, 0.000000E+00, 0.925323E+00, 0.000000E+00, 0.000000E+00, 0.000000E+00, 0.778843E+02, 0.211901E+02, 0.000000E+00, 0.000000E+00, 0.000000E+00, 0.000000E+00, 0.000000E+00, 0.925530E+00, 0.000000E+00, 0.000000E+00, 0.000000E+00, 0.218189E+02, 0.218448E+02, 0.348305E+01, 0.236075E+01,-0.522213E+02, 0.100281E+06, 0.779072E+02, 0.211683E+02, 0.000000E+00, 0.000000E+00, 0.000000E+00, 0.000000E+00, 0.000000E+00, 0.924575E+00, 0.000000E+00, 0.000000E+00, 0.000000E+00, 0.778845E+02, 0.211900E+02, 0.000000E+00, 0.000000E+00, 0.000000E+00, 0.000000E+00, 0.000000E+00, 0.925524E+00, 0.000000E+00, 0.000000E+00, 0.000000E+00, 0.218442E+02, 0.218710E+02, 0.349945E+01, 0.508627E-01,-0.540455E+02, 0.100279E+06, 0.778998E+02, 0.211753E+02, 0.000000E+00, 0.000000E+00, 0.000000E+00, 0.000000E+00, 0.000000E+00, 0.924884E+00, 0.000000E+00, 0.000000E+00, 0.000000E+00, 0.778845E+02, 0.211900E+02, 0.000000E+00, 0.000000E+00, 0.000000E+00, 0.000000E+00, 0.000000E+00, 0.925525E+00, 0.000000E+00, 0.000000E+00, 0.000000E+00, 0.216972E+02, 0.215056E+02, 0.326052E+01, 0.333618E+02, 0.869853E+00, 0.100293E+06, 0.778706E+02, 0.212099E+02, 0.000000E+00, 0.000000E+00, 0.000000E+00, 0.000000E+00, 0.000000E+00, 0.919517E+00, 0.000000E+00, 0.000000E+00, 0.000000E+00, 0.779380E+02, 0.211610E+02, 0.000000E+00, 0.000000E+00, 0.000000E+00, 0.000000E+00, 0.000000E+00, 0.900931E+00, 0.000000E+00, 0.000000E+00, 0.000000E+00, 0.218720E+02, 0.219010E+02, 0.348125E+01, 0.173614E+01, 0.854324E+00, 0.100293E+06, 0.779078E+02, 0.211782E+02, 0.000000E+00, 0.000000E+00, 0.000000E+00, 0.000000E+00, 0.000000E+00, 0.913975E+00, 0.000000E+00, 0.000000E+00, 0.000000E+00, 0.778761E+02, 0.211984E+02, 0.000000E+00, 0.000000E+00, 0.000000E+00, 0.000000E+00, 0.000000E+00, 0.925515E+00, 0.000000E+00, 0.000000E+00, 0.000000E+00, 0.100000E+01, 0.551760E+00, 0.648848E-02, 0.279005E+06, 0.279005E+06, 0.206184E+06, 0.279005E+06, 0.000000E+00, 0.116459E+01, 0.000000E+00, 0.000000E+00, 0.000000E+00, 0.000000E+00, 0.000000E+00, 0.000000E+00, 0.000000E+00, 0.000000E+00, 0.000000E+00, 0.000000E+00, 0.000000E+00, 0.000000E+00, 0.000000E+00, 0.000000E+00, 0.000000E+00, 0.000000E+00, 0.000000E+00, 0.000000E+00, 0.000000E+00, 0.000000E+00, 0.000000E+00, 0.000000E+00, 0.000000E+00, 0.000000E+00, 0.000000E+00, 0.000000E+00, 0.000000E+00, 0.000000E+00, 0.000000E+00, 0.000000E+00, 0.000000E+00, 0.000000E+00, 0.000000E+00, 0.000000E+00, 0.000000E+00, 0.000000E+00                      
 0.270000E+03, 0.194457E+02, 0.247555E+03,-0.352339E+00, 0.100375E+06, 0.782093E+02, 0.210111E+02, 0.000000E+00, 0.000000E+00, 0.000000E+00, 0.000000E+00, 0.000000E+00, 0.779597E+00, 0.000000E+00, 0.000000E+00, 0.000000E+00, 0.216270E+02, 0.216307E+02, 0.347705E+01, 0.224420E+01,-0.503254E+00, 0.100374E+06, 0.778233E+02, 0.212602E+02, 0.000000E+00, 0.000000E+00, 0.000000E+00, 0.000000E+00, 0.000000E+00, 0.916466E+00, 0.000000E+00, 0.000000E+00, 0.000000E+00, 0.779322E+02, 0.211604E+02, 0.000000E+00, 0.000000E+00, 0.000000E+00, 0.000000E+00, 0.000000E+00, 0.907335E+00, 0.000000E+00, 0.000000E+00, 0.000000E+00, 0.218259E+02, 0.218574E+02, 0.327025E+01, 0.320065E+02,-0.557806E+00, 0.100374E+06, 0.778994E+02, 0.211801E+02, 0.000000E+00, 0.000000E+00, 0.000000E+00, 0.000000E+00, 0.000000E+00, 0.920580E+00, 0.000000E+00, 0.000000E+00, 0.000000E+00, 0.778958E+02, 0.211798E+02, 0.000000E+00, 0.000000E+00, 0.000000E+00, 0.000000E+00, 0.000000E+00, 0.924360E+00, 0.000000E+00, 0.000000E+00, 0.000000E+00, 0.792290E+02, 0.354955E+02, 0.625284E+00, 0.266227E+03, 0.168933E+05, 0.117268E+06, 0.775007E+02, 0.198282E+02, 0.804448E+00, 0.105191E-01, 0.000000E+00, 0.000000E+00, 0.000000E+00, 0.179580E+01, 0.109567E+01, 0.109567E+01, 0.000000E+00, 0.778990E+02, 0.211761E+02, 0.000000E+00, 0.000000E+00, 0.000000E+00, 0.000000E+00, 0.000000E+00, 0.924917E+00, 0.000000E+00, 0.000000E+00, 0.000000E+00, 0.203097E+02, 0.678132E+03,-0.551563E+00, 0.100374E+06, 0.780881E+02, 0.210751E+02, 0.000000E+00, 0.000000E+00, 0.000000E+00, 0.000000E+00, 0.000000E+00, 0.836828E+00, 0.000000E+00, 0.000000E+00, 0.000000E+00, 0.218643E+02, 0.218923E+02, 0.697991E+01, 0.196504E+01,-0.548159E+02, 0.100279E+06, 0.778891E+02, 0.211856E+02, 0.000000E+00, 0.000000E+00, 0.000000E+00, 0.000000E+00, 0.000000E+00, 0.925332E+00, 0.000000E+00, 0.000000E+00, 0.000000E+00, 0.778843E+02, 0.211901E+02, 0.000000E+00, 0.000000E+00, 0.000000E+00, 0.000000E+00, 0.000000E+00, 0.925530E+00, 0.000000E+00, 0.000000E+00, 0.000000E+00, 0.218100E+02, 0.218359E+02, 0.348184E+01, 0.252985E+01,-0.548137E+02, 0.100279E+06, 0.779058E+02, 0.211696E+02, 0.000000E+00, 0.000000E+00, 0.000000E+00, 0.000000E+00, 0.000000E+00, 0.924631E+00, 0.000000E+00, 0.000000E+00, 0.000000E+00, 0.778845E+02, 0.211900E+02, 0.000000E+00, 0.000000E+00, 0.000000E+00, 0.000000E+00, 0.000000E+00, 0.925524E+00, 0.000000E+00, 0.000000E+00, 0.000000E+00, 0.218363E+02, 0.218631E+02, 0.349944E+01, 0.518100E-01,-0.567410E+02, 0.100277E+06, 0.778995E+02, 0.211756E+02, 0.000000E+00, 0.000000E+00, 0.000000E+00, 0.000000E+00, 0.000000E+00, 0.924895E+00, 0.000000E+00, 0.000000E+00, 0.000000E+00, 0.778845E+02, 0.211900E+02, 0.000000E+00, 0.000000E+00, 0.000000E+00, 0.000000E+00, 0.000000E+00, 0.925525E+00, 0.000000E+00, 0.000000E+00, 0.000000E+00, 0.216892E+02, 0.214779E+02, 0.325607E+01, 0.339807E+02, 0.860914E+00, 0.100293E+06, 0.778708E+02, 0.212096E+02, 0.000000E+00, 0.000000E+00, 0.000000E+00, 0.000000E+00, 0.000000E+00, 0.919620E+00, 0.000000E+00, 0.000000E+00, 0.000000E+00, 0.779417E+02, 0.211589E+02, 0.000000E+00, 0.000000E+00, 0.000000E+00, 0.000000E+00, 0.000000E+00, 0.899372E+00, 0.000000E+00, 0.000000E+00, 0.000000E+00, 0.218648E+02, 0.218938E+02, 0.348089E+01, 0.176973E+01, 0.844579E+00, 0.100293E+06, 0.779081E+02, 0.211782E+02, 0.000000E+00, 0.000000E+00, 0.000000E+00, 0.000000E+00, 0.000000E+00, 0.913740E+00, 0.000000E+00, 0.000000E+00, 0.000000E+00, 0.778762E+02, 0.211983E+02, 0.000000E+00, 0.000000E+00, 0.000000E+00, 0.000000E+00, 0.000000E+00, 0.925463E+00, 0.000000E+00, 0.000000E+00, 0.000000E+00, 0.100000E+01, 0.502681E+00, 0.621170E-02, 0.267103E+06, 0.267103E+06, 0.197389E+06, 0.267103E+06, 0.000000E+00, 0.112595E+01, 0.000000E+00, 0.000000E+00, 0.000000E+00, 0.000000E+00, 0.000000E+00, 0.000000E+00, 0.000000E+00, 0.000000E+00, 0.000000E+00, 0.000000E+00, 0.000000E+00, 0.000000E+00, 0.000000E+00, 0.000000E+00, 0.000000E+00, 0.000000E+00, 0.000000E+00, 0.000000E+00, 0.000000E+00, 0.000000E+00, 0.000000E+00, 0.000000E+00, 0.000000E+00, 0.000000E+00, 0.000000E+00, 0.000000E+00, 0.000000E+00, 0.000000E+00, 0.000000E+00, 0.000000E+00, 0.000000E+00, 0.000000E+00, 0.000000E+00, 0.000000E+00, 0.000000E+00, 0.000000E+00                      
 0.280000E+03, 0.193806E+02, 0.247555E+03,-0.348385E+00, 0.100375E+06, 0.782198E+02, 0.210053E+02, 0.000000E+00, 0.000000E+00, 0.000000E+00, 0.000000E+00, 0.000000E+00, 0.774823E+00, 0.000000E+00, 0.000000E+00, 0.000000E+00, 0.216064E+02, 0.216056E+02, 0.347706E+01, 0.224405E+01,-0.500990E+00, 0.100374E+06, 0.778233E+02, 0.212602E+02, 0.000000E+00, 0.000000E+00, 0.000000E+00, 0.000000E+00, 0.000000E+00, 0.916466E+00, 0.000000E+00, 0.000000E+00, 0.000000E+00, 0.779353E+02, 0.211588E+02, 0.000000E+00, 0.000000E+00, 0.000000E+00, 0.000000E+00, 0.000000E+00, 0.905916E+00, 0.000000E+00, 0.000000E+00, 0.000000E+00, 0.218168E+02, 0.218480E+02, 0.326611E+01, 0.325822E+02,-0.555556E+00, 0.100374E+06, 0.778997E+02, 0.211799E+02, 0.000000E+00, 0.000000E+00, 0.000000E+00, 0.000000E+00, 0.000000E+00, 0.920344E+00, 0.000000E+00, 0.000000E+00, 0.000000E+00, 0.778961E+02, 0.211797E+02, 0.000000E+00, 0.000000E+00, 0.000000E+00, 0.000000E+00, 0.000000E+00, 0.924236E+00, 0.000000E+00, 0.000000E+00, 0.000000E+00, 0.792788E+02, 0.354695E+02, 0.584671E+00, 0.269989E+03, 0.171120E+05, 0.117487E+06, 0.774888E+02, 0.197876E+02, 0.828650E+00, 0.108355E-01, 0.000000E+00, 0.000000E+00, 0.000000E+00, 0.182200E+01, 0.113060E+01, 0.113060E+01, 0.000000E+00, 0.778997E+02, 0.211754E+02, 0.000000E+00, 0.000000E+00, 0.000000E+00, 0.000000E+00, 0.000000E+00, 0.924889E+00, 0.000000E+00, 0.000000E+00, 0.000000E+00, 0.202557E+02, 0.678132E+03,-0.547734E+00, 0.100374E+06, 0.780954E+02, 0.210711E+02, 0.000000E+00, 0.000000E+00, 0.000000E+00, 0.000000E+00, 0.000000E+00, 0.833521E+00, 0.000000E+00, 0.000000E+00, 0.000000E+00, 0.218574E+02, 0.218855E+02, 0.697873E+01, 0.208018E+01,-0.574161E+02, 0.100276E+06, 0.778889E+02, 0.211858E+02, 0.000000E+00, 0.000000E+00, 0.000000E+00, 0.000000E+00, 0.000000E+00, 0.925340E+00, 0.000000E+00, 0.000000E+00, 0.000000E+00, 0.778843E+02, 0.211901E+02, 0.000000E+00, 0.000000E+00, 0.000000E+00, 0.000000E+00, 0.000000E+00, 0.925530E+00, 0.000000E+00, 0.000000E+00, 0.000000E+00, 0.218012E+02, 0.218271E+02, 0.348060E+01, 0.270308E+01,-0.574138E+02, 0.100276E+06, 0.779046E+02, 0.211707E+02, 0.000000E+00, 0.000000E+00, 0.000000E+00, 0.000000E+00, 0.000000E+00, 0.924682E+00, 0.000000E+00, 0.000000E+00, 0.000000E+00, 0.778845E+02, 0.211900E+02, 0.000000E+00, 0.000000E+00, 0.000000E+00, 0.000000E+00, 0.000000E+00, 0.925524E+00, 0.000000E+00, 0.000000E+00, 0.000000E+00, 0.218283E+02, 0.218551E+02, 0.349943E+01, 0.527605E-01,-0.594445E+02, 0.100274E+06, 0.778992E+02, 0.211758E+02, 0.000000E+00, 0.000000E+00, 0.000000E+00, 0.000000E+00, 0.000000E+00, 0.924906E+00, 0.000000E+00, 0.000000E+00, 0.000000E+00, 0.778845E+02, 0.211900E+02, 0.000000E+00, 0.000000E+00, 0.000000E+00, 0.000000E+00, 0.000000E+00, 0.925525E+00, 0.000000E+00, 0.000000E+00, 0.000000E+00, 0.216811E+02, 0.214500E+02, 0.325150E+01, 0.346184E+02, 0.852316E+00, 0.100293E+06, 0.778709E+02, 0.212094E+02, 0.000000E+00, 0.000000E+00, 0.000000E+00, 0.000000E+00, 0.000000E+00, 0.919722E+00, 0.000000E+00, 0.000000E+00, 0.000000E+00, 0.779454E+02, 0.211568E+02, 0.000000E+00, 0.000000E+00, 0.000000E+00, 0.000000E+00, 0.000000E+00, 0.897772E+00, 0.000000E+00, 0.000000E+00, 0.000000E+00, 0.218574E+02, 0.218865E+02, 0.348057E+01, 0.179930E+01, 0.835172E+00, 0.100293E+06, 0.779084E+02, 0.211781E+02, 0.000000E+00, 0.000000E+00, 0.000000E+00, 0.000000E+00, 0.000000E+00, 0.913517E+00, 0.000000E+00, 0.000000E+00, 0.000000E+00, 0.778764E+02, 0.211982E+02, 0.000000E+00, 0.000000E+00, 0.000000E+00, 0.000000E+00, 0.000000E+00, 0.925406E+00, 0.000000E+00, 0.000000E+00, 0.000000E+00, 0.100000E+01, 0.458849E+00, 0.594673E-02, 0.255709E+06, 0.255709E+06, 0.188969E+06, 0.255709E+06, 0.000000E+00, 0.108798E+01, 0.000000E+00, 0.000000E+00, 0.000000E+00, 0.000000E+00, 0.000000E+00, 0.000000E+00, 0.000000E+00, 0.000000E+00, 0.000000E+00, 0.000000E+00, 0.000000E+00, 0.000000E+00, 0.000000E+00, 0.000000E+00, 0.000000E+00, 0.000000E+00, 0.000000E+00, 0.000000E+00, 0.000000E+00, 0.000000E+00, 0.000000E+00, 0.000000E+00, 0.000000E+00, 0.000000E+00, 0.000000E+00, 0.000000E+00, 0.000000E+00, 0.000000E+00, 0.000000E+00, 0.000000E+00, 0.000000E+00, 0.000000E+00, 0.000000E+00, 0.000000E+00, 0.000000E+00, 0.000000E+00                      
 0.290000E+03, 0.193190E+02, 0.247555E+03,-0.344597E+00, 0.100375E+06, 0.782301E+02, 0.209997E+02, 0.000000E+00, 0.000000E+00, 0.000000E+00, 0.000000E+00, 0.000000E+00, 0.770182E+00, 0.000000E+00, 0.000000E+00, 0.000000E+00, 0.215893E+02, 0.215805E+02, 0.347706E+01, 0.224392E+01,-0.498688E+00, 0.100375E+06, 0.778233E+02, 0.212602E+02, 0.000000E+00, 0.000000E+00, 0.000000E+00, 0.000000E+00, 0.000000E+00, 0.916466E+00, 0.000000E+00, 0.000000E+00, 0.000000E+00, 0.779385E+02, 0.211571E+02, 0.000000E+00, 0.000000E+00, 0.000000E+00, 0.000000E+00, 0.000000E+00, 0.904463E+00, 0.000000E+00, 0.000000E+00, 0.000000E+00, 0.218076E+02, 0.218385E+02, 0.326243E+01, 0.330956E+02,-0.553266E+00, 0.100374E+06, 0.779001E+02, 0.211798E+02, 0.000000E+00, 0.000000E+00, 0.000000E+00, 0.000000E+00, 0.000000E+00, 0.920118E+00, 0.000000E+00, 0.000000E+00, 0.000000E+00, 0.778964E+02, 0.211795E+02, 0.000000E+00, 0.000000E+00, 0.000000E+00, 0.000000E+00, 0.000000E+00, 0.924098E+00, 0.000000E+00, 0.000000E+00, 0.000000E+00, 0.791659E+02, 0.353803E+02, 0.547807E+00, 0.273403E+03, 0.172647E+05, 0.117640E+06, 0.774776E+02, 0.197488E+02, 0.851686E+00, 0.111368E-01, 0.000000E+00, 0.000000E+00, 0.000000E+00, 0.184693E+01, 0.116394E+01, 0.116394E+01, 0.000000E+00, 0.779003E+02, 0.211748E+02, 0.000000E+00, 0.000000E+00, 0.000000E+00, 0.000000E+00, 0.000000E+00, 0.924862E+00, 0.000000E+00, 0.000000E+00, 0.000000E+00, 0.202035E+02, 0.678132E+03,-0.544064E+00, 0.100374E+06, 0.781025E+02, 0.210672E+02, 0.000000E+00, 0.000000E+00, 0.000000E+00, 0.000000E+00, 0.000000E+00, 0.830279E+00, 0.000000E+00, 0.000000E+00, 0.000000E+00, 0.218505E+02, 0.218787E+02, 0.697754E+01, 0.219637E+01,-0.600224E+02, 0.100273E+06, 0.778887E+02, 0.211860E+02, 0.000000E+00, 0.000000E+00, 0.000000E+00, 0.000000E+00, 0.000000E+00, 0.925348E+00, 0.000000E+00, 0.000000E+00, 0.000000E+00, 0.778843E+02, 0.211901E+02, 0.000000E+00, 0.000000E+00, 0.000000E+00, 0.000000E+00, 0.000000E+00, 0.925530E+00, 0.000000E+00, 0.000000E+00, 0.000000E+00, 0.217924E+02, 0.218182E+02, 0.347932E+01, 0.288033E+01,-0.600200E+02, 0.100273E+06, 0.779035E+02, 0.211718E+02, 0.000000E+00, 0.000000E+00, 0.000000E+00, 0.000000E+00, 0.000000E+00, 0.924727E+00, 0.000000E+00, 0.000000E+00, 0.000000E+00, 0.778845E+02, 0.211900E+02, 0.000000E+00, 0.000000E+00, 0.000000E+00, 0.000000E+00, 0.000000E+00, 0.925524E+00, 0.000000E+00, 0.000000E+00, 0.000000E+00, 0.218203E+02, 0.218471E+02, 0.349942E+01, 0.537136E-01,-0.621540E+02, 0.100271E+06, 0.778990E+02, 0.211761E+02, 0.000000E+00, 0.000000E+00, 0.000000E+00, 0.000000E+00, 0.000000E+00, 0.924917E+00, 0.000000E+00, 0.000000E+00, 0.000000E+00, 0.778845E+02, 0.211900E+02, 0.000000E+00, 0.000000E+00, 0.000000E+00, 0.000000E+00, 0.000000E+00, 0.925525E+00, 0.000000E+00, 0.000000E+00, 0.000000E+00, 0.216731E+02, 0.214220E+02, 0.324679E+01, 0.352746E+02, 0.844040E+00, 0.100293E+06, 0.778711E+02, 0.212091E+02, 0.000000E+00, 0.000000E+00, 0.000000E+00, 0.000000E+00, 0.000000E+00, 0.919823E+00, 0.000000E+00, 0.000000E+00, 0.000000E+00, 0.779492E+02, 0.211546E+02, 0.000000E+00, 0.000000E+00, 0.000000E+00, 0.000000E+00, 0.000000E+00, 0.896134E+00, 0.000000E+00, 0.000000E+00, 0.000000E+00, 0.218500E+02, 0.218791E+02, 0.348029E+01, 0.182527E+01, 0.826084E+00, 0.100293E+06, 0.779087E+02, 0.211780E+02, 0.000000E+00, 0.000000E+00, 0.000000E+00, 0.000000E+00, 0.000000E+00, 0.913307E+00, 0.000000E+00, 0.000000E+00, 0.000000E+00, 0.778765E+02, 0.211981E+02, 0.000000E+00, 0.000000E+00, 0.000000E+00, 0.000000E+00, 0.000000E+00, 0.925344E+00, 0.000000E+00, 0.000000E+00, 0.000000E+00, 0.100000E+01, 0.419606E+00, 0.569306E-02, 0.244802E+06, 0.244802E+06, 0.180908E+06, 0.244802E+06, 0.000000E+00, 0.105067E+01, 0.000000E+00, 0.000000E+00, 0.000000E+00, 0.000000E+00, 0.000000E+00, 0.000000E+00, 0.000000E+00, 0.000000E+00, 0.000000E+00, 0.000000E+00, 0.000000E+00, 0.000000E+00, 0.000000E+00, 0.000000E+00, 0.000000E+00, 0.000000E+00, 0.000000E+00, 0.000000E+00, 0.000000E+00, 0.000000E+00, 0.000000E+00, 0.000000E+00, 0.000000E+00, 0.000000E+00, 0.000000E+00, 0.000000E+00, 0.000000E+00, 0.000000E+00, 0.000000E+00, 0.000000E+00, 0.000000E+00, 0.000000E+00, 0.000000E+00, 0.000000E+00, 0.000000E+00, 0.000000E+00                      
 0.300000E+03, 0.192606E+02, 0.247555E+03,-0.341014E+00, 0.100375E+06, 0.782402E+02, 0.209942E+02, 0.000000E+00, 0.000000E+00, 0.000000E+00, 0.000000E+00, 0.000000E+00, 0.765668E+00, 0.000000E+00, 0.000000E+00, 0.000000E+00, 0.215749E+02, 0.215552E+02, 0.347706E+01, 0.224381E+01,-0.496432E+00, 0.100375E+06, 0.778233E+02, 0.212602E+02, 0.000000E+00, 0.000000E+00, 0.000000E+00, 0.000000E+00, 0.000000E+00, 0.916466E+00, 0.000000E+00, 0.000000E+00, 0.000000E+00, 0.779417E+02, 0.211553E+02, 0.000000E+00, 0.000000E+00, 0.000000E+00, 0.000000E+00, 0.000000E+00, 0.902980E+00, 0.000000E+00, 0.000000E+00, 0.000000E+00, 0.217983E+02, 0.218288E+02, 0.325915E+01, 0.335526E+02,-0.551063E+00, 0.100374E+06, 0.779005E+02, 0.211796E+02, 0.000000E+00, 0.000000E+00, 0.000000E+00, 0.000000E+00, 0.000000E+00, 0.919904E+00, 0.000000E+00, 0.000000E+00, 0.000000E+00, 0.778968E+02, 0.211793E+02, 0.000000E+00, 0.000000E+00, 0.000000E+00, 0.000000E+00, 0.000000E+00, 0.923947E+00, 0.000000E+00, 0.000000E+00, 0.000000E+00, 0.789120E+02, 0.352363E+02, 0.514265E+00, 0.276509E+03, 0.173586E+05, 0.117734E+06, 0.774668E+02, 0.197119E+02, 0.873643E+00, 0.114239E-01, 0.000000E+00, 0.000000E+00, 0.000000E+00, 0.187070E+01, 0.119579E+01, 0.119579E+01, 0.000000E+00, 0.779009E+02, 0.211742E+02, 0.000000E+00, 0.000000E+00, 0.000000E+00, 0.000000E+00, 0.000000E+00, 0.924836E+00, 0.000000E+00, 0.000000E+00, 0.000000E+00, 0.201531E+02, 0.678132E+03,-0.540491E+00, 0.100374E+06, 0.781095E+02, 0.210634E+02, 0.000000E+00, 0.000000E+00, 0.000000E+00, 0.000000E+00, 0.000000E+00, 0.827101E+00, 0.000000E+00, 0.000000E+00, 0.000000E+00, 0.218435E+02, 0.218719E+02, 0.697635E+01, 0.231351E+01,-0.626331E+02, 0.100271E+06, 0.778885E+02, 0.211861E+02, 0.000000E+00, 0.000000E+00, 0.000000E+00, 0.000000E+00, 0.000000E+00, 0.925355E+00, 0.000000E+00, 0.000000E+00, 0.000000E+00, 0.778843E+02, 0.211901E+02, 0.000000E+00, 0.000000E+00, 0.000000E+00, 0.000000E+00, 0.000000E+00, 0.925530E+00, 0.000000E+00, 0.000000E+00, 0.000000E+00, 0.217836E+02, 0.218093E+02, 0.347802E+01, 0.306149E+01,-0.626307E+02, 0.100271E+06, 0.779025E+02, 0.211727E+02, 0.000000E+00, 0.000000E+00, 0.000000E+00, 0.000000E+00, 0.000000E+00, 0.924769E+00, 0.000000E+00, 0.000000E+00, 0.000000E+00, 0.778845E+02, 0.211900E+02, 0.000000E+00, 0.000000E+00, 0.000000E+00, 0.000000E+00, 0.000000E+00, 0.925524E+00, 0.000000E+00, 0.000000E+00, 0.000000E+00, 0.218123E+02, 0.218392E+02, 0.349941E+01, 0.546685E-01,-0.648678E+02, 0.100269E+06, 0.778987E+02, 0.211763E+02, 0.000000E+00, 0.000000E+00, 0.000000E+00, 0.000000E+00, 0.000000E+00, 0.924927E+00, 0.000000E+00, 0.000000E+00, 0.000000E+00, 0.778845E+02, 0.211900E+02, 0.000000E+00, 0.000000E+00, 0.000000E+00, 0.000000E+00, 0.000000E+00, 0.925525E+00, 0.000000E+00, 0.000000E+00, 0.000000E+00, 0.216650E+02, 0.213938E+02, 0.324195E+01, 0.359488E+02, 0.836115E+00, 0.100293E+06, 0.778713E+02, 0.212088E+02, 0.000000E+00, 0.000000E+00, 0.000000E+00, 0.000000E+00, 0.000000E+00, 0.919922E+00, 0.000000E+00, 0.000000E+00, 0.000000E+00, 0.779531E+02, 0.211524E+02, 0.000000E+00, 0.000000E+00, 0.000000E+00, 0.000000E+00, 0.000000E+00, 0.894460E+00, 0.000000E+00, 0.000000E+00, 0.000000E+00, 0.218425E+02, 0.218716E+02, 0.348004E+01, 0.184805E+01, 0.817348E+00, 0.100293E+06, 0.779090E+02, 0.211779E+02, 0.000000E+00, 0.000000E+00, 0.000000E+00, 0.000000E+00, 0.000000E+00, 0.913111E+00, 0.000000E+00, 0.000000E+00, 0.000000E+00, 0.778767E+02, 0.211980E+02, 0.000000E+00, 0.000000E+00, 0.000000E+00, 0.000000E+00, 0.000000E+00, 0.925276E+00, 0.000000E+00, 0.000000E+00, 0.000000E+00, 0.100000E+01, 0.384389E+00, 0.545022E-02, 0.234359E+06, 0.234359E+06, 0.173192E+06, 0.234359E+06, 0.000000E+00, 0.101400E+01, 0.000000E+00, 0.000000E+00, 0.000000E+00, 0.000000E+00, 0.000000E+00, 0.000000E+00, 0.000000E+00, 0.000000E+00, 0.000000E+00, 0.000000E+00, 0.000000E+00, 0.000000E+00, 0.000000E+00, 0.000000E+00, 0.000000E+00, 0.000000E+00, 0.000000E+00, 0.000000E+00, 0.000000E+00, 0.000000E+00, 0.000000E+00, 0.000000E+00, 0.000000E+00, 0.000000E+00, 0.000000E+00, 0.000000E+00, 0.000000E+00, 0.000000E+00, 0.000000E+00, 0.000000E+00, 0.000000E+00, 0.000000E+00, 0.000000E+00, 0.000000E+00, 0.000000E+00, 0.000000E+00                      
 0.310000E+03, 0.192052E+02, 0.247555E+03,-0.337619E+00, 0.100375E+06, 0.782499E+02, 0.209888E+02, 0.000000E+00, 0.000000E+00, 0.000000E+00, 0.000000E+00, 0.000000E+00, 0.761276E+00, 0.000000E+00, 0.000000E+00, 0.000000E+00, 0.215622E+02, 0.215299E+02, 0.347706E+01, 0.224371E+01,-0.494216E+00, 0.100375E+06, 0.778233E+02, 0.212602E+02, 0.000000E+00, 0.000000E+00, 0.000000E+00, 0.000000E+00, 0.000000E+00, 0.916466E+00, 0.000000E+00, 0.000000E+00, 0.000000E+00, 0.779450E+02, 0.211536E+02, 0.000000E+00, 0.000000E+00, 0.000000E+00, 0.000000E+00, 0.000000E+00, 0.901467E+00, 0.000000E+00, 0.000000E+00, 0.000000E+00, 0.217889E+02, 0.218191E+02, 0.325623E+01, 0.339586E+02,-0.548930E+00, 0.100374E+06, 0.779008E+02, 0.211795E+02, 0.000000E+00, 0.000000E+00, 0.000000E+00, 0.000000E+00, 0.000000E+00, 0.919700E+00, 0.000000E+00, 0.000000E+00, 0.000000E+00, 0.778971E+02, 0.211791E+02, 0.000000E+00, 0.000000E+00, 0.000000E+00, 0.000000E+00, 0.000000E+00, 0.923781E+00, 0.000000E+00, 0.000000E+00, 0.000000E+00, 0.785364E+02, 0.350457E+02, 0.483676E+00, 0.279342E+03, 0.174004E+05, 0.117775E+06, 0.774566E+02, 0.196766E+02, 0.894593E+00, 0.116978E-01, 0.000000E+00, 0.000000E+00, 0.000000E+00, 0.189337E+01, 0.122623E+01, 0.122623E+01, 0.000000E+00, 0.779015E+02, 0.211737E+02, 0.000000E+00, 0.000000E+00, 0.000000E+00, 0.000000E+00, 0.000000E+00, 0.924811E+00, 0.000000E+00, 0.000000E+00, 0.000000E+00, 0.201044E+02, 0.678132E+03,-0.537017E+00, 0.100374E+06, 0.781163E+02, 0.210597E+02, 0.000000E+00, 0.000000E+00, 0.000000E+00, 0.000000E+00, 0.000000E+00, 0.823983E+00, 0.000000E+00, 0.000000E+00, 0.000000E+00, 0.218366E+02, 0.218650E+02, 0.697514E+01, 0.243152E+01,-0.652470E+02, 0.100268E+06, 0.778884E+02, 0.211863E+02, 0.000000E+00, 0.000000E+00, 0.000000E+00, 0.000000E+00, 0.000000E+00, 0.925361E+00, 0.000000E+00, 0.000000E+00, 0.000000E+00, 0.778843E+02, 0.211901E+02, 0.000000E+00, 0.000000E+00, 0.000000E+00, 0.000000E+00, 0.000000E+00, 0.925530E+00, 0.000000E+00, 0.000000E+00, 0.000000E+00, 0.217748E+02, 0.218005E+02, 0.347670E+01, 0.324644E+01,-0.652445E+02, 0.100268E+06, 0.779016E+02, 0.211736E+02, 0.000000E+00, 0.000000E+00, 0.000000E+00, 0.000000E+00, 0.000000E+00, 0.924807E+00, 0.000000E+00, 0.000000E+00, 0.000000E+00, 0.778845E+02, 0.211900E+02, 0.000000E+00, 0.000000E+00, 0.000000E+00, 0.000000E+00, 0.000000E+00, 0.925524E+00, 0.000000E+00, 0.000000E+00, 0.000000E+00, 0.218042E+02, 0.218312E+02, 0.349940E+01, 0.556246E-01,-0.675845E+02, 0.100266E+06, 0.778985E+02, 0.211766E+02, 0.000000E+00, 0.000000E+00, 0.000000E+00, 0.000000E+00, 0.000000E+00, 0.924938E+00, 0.000000E+00, 0.000000E+00, 0.000000E+00, 0.778845E+02, 0.211900E+02, 0.000000E+00, 0.000000E+00, 0.000000E+00, 0.000000E+00, 0.000000E+00, 0.925525E+00, 0.000000E+00, 0.000000E+00, 0.000000E+00, 0.216570E+02, 0.213657E+02, 0.323698E+01, 0.366408E+02, 0.828522E+00, 0.100293E+06, 0.778714E+02, 0.212086E+02, 0.000000E+00, 0.000000E+00, 0.000000E+00, 0.000000E+00, 0.000000E+00, 0.920018E+00, 0.000000E+00, 0.000000E+00, 0.000000E+00, 0.779571E+02, 0.211502E+02, 0.000000E+00, 0.000000E+00, 0.000000E+00, 0.000000E+00, 0.000000E+00, 0.892753E+00, 0.000000E+00, 0.000000E+00, 0.000000E+00, 0.218350E+02, 0.218640E+02, 0.347983E+01, 0.186801E+01, 0.808945E+00, 0.100293E+06, 0.779093E+02, 0.211778E+02, 0.000000E+00, 0.000000E+00, 0.000000E+00, 0.000000E+00, 0.000000E+00, 0.912927E+00, 0.000000E+00, 0.000000E+00, 0.000000E+00, 0.778769E+02, 0.211979E+02, 0.000000E+00, 0.000000E+00, 0.000000E+00, 0.000000E+00, 0.000000E+00, 0.925203E+00, 0.000000E+00, 0.000000E+00, 0.000000E+00, 0.100000E+01, 0.352717E+00, 0.521773E-02, 0.224362E+06, 0.224362E+06, 0.165804E+06, 0.224362E+06, 0.000000E+00, 0.977966E+00, 0.000000E+00, 0.000000E+00, 0.000000E+00, 0.000000E+00, 0.000000E+00, 0.000000E+00, 0.000000E+00, 0.000000E+00, 0.000000E+00, 0.000000E+00, 0.000000E+00, 0.000000E+00, 0.000000E+00, 0.000000E+00, 0.000000E+00, 0.000000E+00, 0.000000E+00, 0.000000E+00, 0.000000E+00, 0.000000E+00, 0.000000E+00, 0.000000E+00, 0.000000E+00, 0.000000E+00, 0.000000E+00, 0.000000E+00, 0.000000E+00, 0.000000E+00, 0.000000E+00, 0.000000E+00, 0.000000E+00, 0.000000E+00, 0.000000E+00, 0.000000E+00, 0.000000E+00, 0.000000E+00                      
 0.320000E+03, 0.191528E+02, 0.247555E+03,-0.334399E+00, 0.100375E+06, 0.782594E+02, 0.209836E+02, 0.000000E+00, 0.000000E+00, 0.000000E+00, 0.000000E+00, 0.000000E+00, 0.757000E+00, 0.000000E+00, 0.000000E+00, 0.000000E+00, 0.215508E+02, 0.215045E+02, 0.347706E+01, 0.224362E+01,-0.492031E+00, 0.100375E+06, 0.778233E+02, 0.212602E+02, 0.000000E+00, 0.000000E+00, 0.000000E+00, 0.000000E+00, 0.000000E+00, 0.916466E+00, 0.000000E+00, 0.000000E+00, 0.000000E+00, 0.779483E+02, 0.211517E+02, 0.000000E+00, 0.000000E+00, 0.000000E+00, 0.000000E+00, 0.000000E+00, 0.899926E+00, 0.000000E+00, 0.000000E+00, 0.000000E+00, 0.217794E+02, 0.218092E+02, 0.325365E+01, 0.343191E+02,-0.546857E+00, 0.100374E+06, 0.779012E+02, 0.211793E+02, 0.000000E+00, 0.000000E+00, 0.000000E+00, 0.000000E+00, 0.000000E+00, 0.919507E+00, 0.000000E+00, 0.000000E+00, 0.000000E+00, 0.778975E+02, 0.211789E+02, 0.000000E+00, 0.000000E+00, 0.000000E+00, 0.000000E+00, 0.000000E+00, 0.923601E+00, 0.000000E+00, 0.000000E+00, 0.000000E+00, 0.780559E+02, 0.348161E+02, 0.455722E+00, 0.281931E+03, 0.173960E+05, 0.117771E+06, 0.774469E+02, 0.196430E+02, 0.914603E+00, 0.119595E-01, 0.000000E+00, 0.000000E+00, 0.000000E+00, 0.191503E+01, 0.125535E+01, 0.125535E+01, 0.000000E+00, 0.779021E+02, 0.211731E+02, 0.000000E+00, 0.000000E+00, 0.000000E+00, 0.000000E+00, 0.000000E+00, 0.924788E+00, 0.000000E+00, 0.000000E+00, 0.000000E+00, 0.200574E+02, 0.678132E+03,-0.533646E+00, 0.100374E+06, 0.781231E+02, 0.210560E+02, 0.000000E+00, 0.000000E+00, 0.000000E+00, 0.000000E+00, 0.000000E+00, 0.820927E+00, 0.000000E+00, 0.000000E+00, 0.000000E+00, 0.218296E+02, 0.218581E+02, 0.697393E+01, 0.255031E+01,-0.678626E+02, 0.100266E+06, 0.778882E+02, 0.211864E+02, 0.000000E+00, 0.000000E+00, 0.000000E+00, 0.000000E+00, 0.000000E+00, 0.925368E+00, 0.000000E+00, 0.000000E+00, 0.000000E+00, 0.778843E+02, 0.211901E+02, 0.000000E+00, 0.000000E+00, 0.000000E+00, 0.000000E+00, 0.000000E+00, 0.925530E+00, 0.000000E+00, 0.000000E+00, 0.000000E+00, 0.217660E+02, 0.217917E+02, 0.347534E+01, 0.343509E+01,-0.678601E+02, 0.100266E+06, 0.779008E+02, 0.211744E+02, 0.000000E+00, 0.000000E+00, 0.000000E+00, 0.000000E+00, 0.000000E+00, 0.924841E+00, 0.000000E+00, 0.000000E+00, 0.000000E+00, 0.778845E+02, 0.211900E+02, 0.000000E+00, 0.000000E+00, 0.000000E+00, 0.000000E+00, 0.000000E+00, 0.925524E+00, 0.000000E+00, 0.000000E+00, 0.000000E+00, 0.217962E+02, 0.218232E+02, 0.349939E+01, 0.565813E-01,-0.703026E+02, 0.100263E+06, 0.778983E+02, 0.211768E+02, 0.000000E+00, 0.000000E+00, 0.000000E+00, 0.000000E+00, 0.000000E+00, 0.924948E+00, 0.000000E+00, 0.000000E+00, 0.000000E+00, 0.778845E+02, 0.211900E+02, 0.000000E+00, 0.000000E+00, 0.000000E+00, 0.000000E+00, 0.000000E+00, 0.925525E+00, 0.000000E+00, 0.000000E+00, 0.000000E+00, 0.216489E+02, 0.213376E+02, 0.323189E+01, 0.373500E+02, 0.821243E+00, 0.100293E+06, 0.778716E+02, 0.212083E+02, 0.000000E+00, 0.000000E+00, 0.000000E+00, 0.000000E+00, 0.000000E+00, 0.920112E+00, 0.000000E+00, 0.000000E+00, 0.000000E+00, 0.779611E+02, 0.211479E+02, 0.000000E+00, 0.000000E+00, 0.000000E+00, 0.000000E+00, 0.000000E+00, 0.891016E+00, 0.000000E+00, 0.000000E+00, 0.000000E+00, 0.218273E+02, 0.218563E+02, 0.347964E+01, 0.188550E+01, 0.800860E+00, 0.100293E+06, 0.779095E+02, 0.211777E+02, 0.000000E+00, 0.000000E+00, 0.000000E+00, 0.000000E+00, 0.000000E+00, 0.912757E+00, 0.000000E+00, 0.000000E+00, 0.000000E+00, 0.778771E+02, 0.211978E+02, 0.000000E+00, 0.000000E+00, 0.000000E+00, 0.000000E+00, 0.000000E+00, 0.925125E+00, 0.000000E+00, 0.000000E+00, 0.000000E+00, 0.100000E+01, 0.324174E+00, 0.499516E-02, 0.214792E+06, 0.214792E+06, 0.158731E+06, 0.214792E+06, 0.000000E+00, 0.942555E+00, 0.000000E+00, 0.000000E+00, 0.000000E+00, 0.000000E+00, 0.000000E+00, 0.000000E+00, 0.000000E+00, 0.000000E+00, 0.000000E+00, 0.000000E+00, 0.000000E+00, 0.000000E+00, 0.000000E+00, 0.000000E+00, 0.000000E+00, 0.000000E+00, 0.000000E+00, 0.000000E+00, 0.000000E+00, 0.000000E+00, 0.000000E+00, 0.000000E+00, 0.000000E+00, 0.000000E+00, 0.000000E+00, 0.000000E+00, 0.000000E+00, 0.000000E+00, 0.000000E+00, 0.000000E+00, 0.000000E+00, 0.000000E+00, 0.000000E+00, 0.000000E+00, 0.000000E+00, 0.000000E+00                      
 0.330000E+03, 0.191031E+02, 0.247555E+03,-0.331341E+00, 0.100375E+06, 0.782686E+02, 0.209785E+02, 0.000000E+00, 0.000000E+00, 0.000000E+00, 0.000000E+00, 0.000000E+00, 0.752838E+00, 0.000000E+00, 0.000000E+00, 0.000000E+00, 0.215402E+02, 0.214791E+02, 0.347706E+01, 0.224354E+01,-0.489877E+00, 0.100375E+06, 0.778233E+02, 0.212602E+02, 0.000000E+00, 0.000000E+00, 0.000000E+00, 0.000000E+00, 0.000000E+00, 0.916466E+00, 0.000000E+00, 0.000000E+00, 0.000000E+00, 0.779517E+02, 0.211499E+02, 0.000000E+00, 0.000000E+00, 0.000000E+00, 0.000000E+00, 0.000000E+00, 0.898360E+00, 0.000000E+00, 0.000000E+00, 0.000000E+00, 0.217698E+02, 0.217992E+02, 0.325135E+01, 0.346387E+02,-0.544837E+00, 0.100374E+06, 0.779015E+02, 0.211792E+02, 0.000000E+00, 0.000000E+00, 0.000000E+00, 0.000000E+00, 0.000000E+00, 0.919325E+00, 0.000000E+00, 0.000000E+00, 0.000000E+00, 0.778979E+02, 0.211786E+02, 0.000000E+00, 0.000000E+00, 0.000000E+00, 0.000000E+00, 0.000000E+00, 0.923407E+00, 0.000000E+00, 0.000000E+00, 0.000000E+00, 0.774853E+02, 0.345550E+02, 0.430125E+00, 0.284301E+03, 0.173510E+05, 0.117726E+06, 0.774376E+02, 0.196108E+02, 0.933726E+00, 0.122095E-01, 0.000000E+00, 0.000000E+00, 0.000000E+00, 0.193572E+01, 0.128321E+01, 0.128321E+01, 0.000000E+00, 0.779026E+02, 0.211726E+02, 0.000000E+00, 0.000000E+00, 0.000000E+00, 0.000000E+00, 0.000000E+00, 0.924765E+00, 0.000000E+00, 0.000000E+00, 0.000000E+00, 0.200120E+02, 0.678132E+03,-0.530374E+00, 0.100374E+06, 0.781297E+02, 0.210524E+02, 0.000000E+00, 0.000000E+00, 0.000000E+00, 0.000000E+00, 0.000000E+00, 0.817929E+00, 0.000000E+00, 0.000000E+00, 0.000000E+00, 0.218227E+02, 0.218512E+02, 0.697270E+01, 0.266980E+01,-0.704789E+02, 0.100263E+06, 0.778881E+02, 0.211865E+02, 0.000000E+00, 0.000000E+00, 0.000000E+00, 0.000000E+00, 0.000000E+00, 0.925373E+00, 0.000000E+00, 0.000000E+00, 0.000000E+00, 0.778843E+02, 0.211901E+02, 0.000000E+00, 0.000000E+00, 0.000000E+00, 0.000000E+00, 0.000000E+00, 0.925530E+00, 0.000000E+00, 0.000000E+00, 0.000000E+00, 0.217573E+02, 0.217829E+02, 0.347396E+01, 0.362732E+01,-0.704762E+02, 0.100263E+06, 0.779000E+02, 0.211751E+02, 0.000000E+00, 0.000000E+00, 0.000000E+00, 0.000000E+00, 0.000000E+00, 0.924873E+00, 0.000000E+00, 0.000000E+00, 0.000000E+00, 0.778845E+02, 0.211900E+02, 0.000000E+00, 0.000000E+00, 0.000000E+00, 0.000000E+00, 0.000000E+00, 0.925524E+00, 0.000000E+00, 0.000000E+00, 0.000000E+00, 0.217883E+02, 0.218152E+02, 0.349938E+01, 0.575382E-01,-0.730207E+02, 0.100260E+06, 0.778980E+02, 0.211770E+02, 0.000000E+00, 0.000000E+00, 0.000000E+00, 0.000000E+00, 0.000000E+00, 0.924957E+00, 0.000000E+00, 0.000000E+00, 0.000000E+00, 0.778845E+02, 0.211900E+02, 0.000000E+00, 0.000000E+00, 0.000000E+00, 0.000000E+00, 0.000000E+00, 0.925525E+00, 0.000000E+00, 0.000000E+00, 0.000000E+00, 0.216409E+02, 0.213095E+02, 0.322668E+01, 0.380760E+02, 0.814263E+00, 0.100293E+06, 0.778717E+02, 0.212081E+02, 0.000000E+00, 0.000000E+00, 0.000000E+00, 0.000000E+00, 0.000000E+00, 0.920204E+00, 0.000000E+00, 0.000000E+00, 0.000000E+00, 0.779652E+02, 0.211456E+02, 0.000000E+00, 0.000000E+00, 0.000000E+00, 0.000000E+00, 0.000000E+00, 0.889249E+00, 0.000000E+00, 0.000000E+00, 0.000000E+00, 0.218196E+02, 0.218486E+02, 0.347947E+01, 0.190084E+01, 0.793080E+00, 0.100293E+06, 0.779098E+02, 0.211776E+02, 0.000000E+00, 0.000000E+00, 0.000000E+00, 0.000000E+00, 0.000000E+00, 0.912599E+00, 0.000000E+00, 0.000000E+00, 0.000000E+00, 0.778773E+02, 0.211977E+02, 0.000000E+00, 0.000000E+00, 0.000000E+00, 0.000000E+00, 0.000000E+00, 0.925040E+00, 0.000000E+00, 0.000000E+00, 0.000000E+00, 0.100000E+01, 0.298403E+00, 0.478208E-02, 0.205630E+06, 0.205630E+06, 0.151960E+06, 0.205630E+06, 0.000000E+00, 0.907755E+00, 0.000000E+00, 0.000000E+00, 0.000000E+00, 0.000000E+00, 0.000000E+00, 0.000000E+00, 0.000000E+00, 0.000000E+00, 0.000000E+00, 0.000000E+00, 0.000000E+00, 0.000000E+00, 0.000000E+00, 0.000000E+00, 0.000000E+00, 0.000000E+00, 0.000000E+00, 0.000000E+00, 0.000000E+00, 0.000000E+00, 0.000000E+00, 0.000000E+00, 0.000000E+00, 0.000000E+00, 0.000000E+00, 0.000000E+00, 0.000000E+00, 0.000000E+00, 0.000000E+00, 0.000000E+00, 0.000000E+00, 0.000000E+00, 0.000000E+00, 0.000000E+00, 0.000000E+00, 0.000000E+00                      
 0.340000E+03, 0.190559E+02, 0.247555E+03,-0.328435E+00, 0.100375E+06, 0.782776E+02, 0.209736E+02, 0.000000E+00, 0.000000E+00, 0.000000E+00, 0.000000E+00, 0.000000E+00, 0.748783E+00, 0.000000E+00, 0.000000E+00, 0.000000E+00, 0.215301E+02, 0.214538E+02, 0.347706E+01, 0.224346E+01,-0.487755E+00, 0.100375E+06, 0.778233E+02, 0.212602E+02, 0.000000E+00, 0.000000E+00, 0.000000E+00, 0.000000E+00, 0.000000E+00, 0.916466E+00, 0.000000E+00, 0.000000E+00, 0.000000E+00, 0.779552E+02, 0.211480E+02, 0.000000E+00, 0.000000E+00, 0.000000E+00, 0.000000E+00, 0.000000E+00, 0.896769E+00, 0.000000E+00, 0.000000E+00, 0.000000E+00, 0.217602E+02, 0.217891E+02, 0.324932E+01, 0.349220E+02,-0.542869E+00, 0.100374E+06, 0.779018E+02, 0.211791E+02, 0.000000E+00, 0.000000E+00, 0.000000E+00, 0.000000E+00, 0.000000E+00, 0.919153E+00, 0.000000E+00, 0.000000E+00, 0.000000E+00, 0.778984E+02, 0.211784E+02, 0.000000E+00, 0.000000E+00, 0.000000E+00, 0.000000E+00, 0.000000E+00, 0.923198E+00, 0.000000E+00, 0.000000E+00, 0.000000E+00, 0.768377E+02, 0.342691E+02, 0.406642E+00, 0.286476E+03, 0.172703E+05, 0.117645E+06, 0.774287E+02, 0.195800E+02, 0.952015E+00, 0.124487E-01, 0.000000E+00, 0.000000E+00, 0.000000E+00, 0.195552E+01, 0.130989E+01, 0.130989E+01, 0.000000E+00, 0.779031E+02, 0.211721E+02, 0.000000E+00, 0.000000E+00, 0.000000E+00, 0.000000E+00, 0.000000E+00, 0.924744E+00, 0.000000E+00, 0.000000E+00, 0.000000E+00, 0.199681E+02, 0.678132E+03,-0.527201E+00, 0.100374E+06, 0.781361E+02, 0.210489E+02, 0.000000E+00, 0.000000E+00, 0.000000E+00, 0.000000E+00, 0.000000E+00, 0.814988E+00, 0.000000E+00, 0.000000E+00, 0.000000E+00, 0.218157E+02, 0.218443E+02, 0.697148E+01, 0.278994E+01,-0.730945E+02, 0.100260E+06, 0.778880E+02, 0.211867E+02, 0.000000E+00, 0.000000E+00, 0.000000E+00, 0.000000E+00, 0.000000E+00, 0.925379E+00, 0.000000E+00, 0.000000E+00, 0.000000E+00, 0.778843E+02, 0.211901E+02, 0.000000E+00, 0.000000E+00, 0.000000E+00, 0.000000E+00, 0.000000E+00, 0.925530E+00, 0.000000E+00, 0.000000E+00, 0.000000E+00, 0.217486E+02, 0.217741E+02, 0.347256E+01, 0.382302E+01,-0.730918E+02, 0.100260E+06, 0.778993E+02, 0.211758E+02, 0.000000E+00, 0.000000E+00, 0.000000E+00, 0.000000E+00, 0.000000E+00, 0.924903E+00, 0.000000E+00, 0.000000E+00, 0.000000E+00, 0.778845E+02, 0.211900E+02, 0.000000E+00, 0.000000E+00, 0.000000E+00, 0.000000E+00, 0.000000E+00, 0.925524E+00, 0.000000E+00, 0.000000E+00, 0.000000E+00, 0.217803E+02, 0.218072E+02, 0.349937E+01, 0.584947E-01,-0.757376E+02, 0.100258E+06, 0.778978E+02, 0.211772E+02, 0.000000E+00, 0.000000E+00, 0.000000E+00, 0.000000E+00, 0.000000E+00, 0.924967E+00, 0.000000E+00, 0.000000E+00, 0.000000E+00, 0.778845E+02, 0.211900E+02, 0.000000E+00, 0.000000E+00, 0.000000E+00, 0.000000E+00, 0.000000E+00, 0.925525E+00, 0.000000E+00, 0.000000E+00, 0.000000E+00, 0.216330E+02, 0.212815E+02, 0.322135E+01, 0.388184E+02, 0.807568E+00, 0.100293E+06, 0.778719E+02, 0.212078E+02, 0.000000E+00, 0.000000E+00, 0.000000E+00, 0.000000E+00, 0.000000E+00, 0.920292E+00, 0.000000E+00, 0.000000E+00, 0.000000E+00, 0.779693E+02, 0.211432E+02, 0.000000E+00, 0.000000E+00, 0.000000E+00, 0.000000E+00, 0.000000E+00, 0.887456E+00, 0.000000E+00, 0.000000E+00, 0.000000E+00, 0.218118E+02, 0.218408E+02, 0.347933E+01, 0.191430E+01, 0.785592E+00, 0.100293E+06, 0.779101E+02, 0.211775E+02, 0.000000E+00, 0.000000E+00, 0.000000E+00, 0.000000E+00, 0.000000E+00, 0.912454E+00, 0.000000E+00, 0.000000E+00, 0.000000E+00, 0.778775E+02, 0.211976E+02, 0.000000E+00, 0.000000E+00, 0.000000E+00, 0.000000E+00, 0.000000E+00, 0.924950E+00, 0.000000E+00, 0.000000E+00, 0.000000E+00, 0.100000E+01, 0.275094E+00, 0.457809E-02, 0.196858E+06, 0.196858E+06, 0.145478E+06, 0.196858E+06, 0.000000E+00, 0.873557E+00, 0.000000E+00, 0.000000E+00, 0.000000E+00, 0.000000E+00, 0.000000E+00, 0.000000E+00, 0.000000E+00, 0.000000E+00, 0.000000E+00, 0.000000E+00, 0.000000E+00, 0.000000E+00, 0.000000E+00, 0.000000E+00, 0.000000E+00, 0.000000E+00, 0.000000E+00, 0.000000E+00, 0.000000E+00, 0.000000E+00, 0.000000E+00, 0.000000E+00, 0.000000E+00, 0.000000E+00, 0.000000E+00, 0.000000E+00, 0.000000E+00, 0.000000E+00, 0.000000E+00, 0.000000E+00, 0.000000E+00, 0.000000E+00, 0.000000E+00, 0.000000E+00, 0.000000E+00, 0.000000E+00                      
 0.350000E+03, 0.190111E+02, 0.247555E+03,-0.325672E+00, 0.100375E+06, 0.782864E+02, 0.209688E+02, 0.000000E+00, 0.000000E+00, 0.000000E+00, 0.000000E+00, 0.000000E+00, 0.744833E+00, 0.000000E+00, 0.000000E+00, 0.000000E+00, 0.215205E+02, 0.214285E+02, 0.347706E+01, 0.224339E+01,-0.485665E+00, 0.100375E+06, 0.778233E+02, 0.212602E+02, 0.000000E+00, 0.000000E+00, 0.000000E+00, 0.000000E+00, 0.000000E+00, 0.916466E+00, 0.000000E+00, 0.000000E+00, 0.000000E+00, 0.779587E+02, 0.211461E+02, 0.000000E+00, 0.000000E+00, 0.000000E+00, 0.000000E+00, 0.000000E+00, 0.895155E+00, 0.000000E+00, 0.000000E+00, 0.000000E+00, 0.217505E+02, 0.217789E+02, 0.324751E+01, 0.351732E+02,-0.540950E+00, 0.100374E+06, 0.779021E+02, 0.211789E+02, 0.000000E+00, 0.000000E+00, 0.000000E+00, 0.000000E+00, 0.000000E+00, 0.918992E+00, 0.000000E+00, 0.000000E+00, 0.000000E+00, 0.778989E+02, 0.211781E+02, 0.000000E+00, 0.000000E+00, 0.000000E+00, 0.000000E+00, 0.000000E+00, 0.922974E+00, 0.000000E+00, 0.000000E+00, 0.000000E+00, 0.761248E+02, 0.339647E+02, 0.385059E+00, 0.288475E+03, 0.171583E+05, 0.117533E+06, 0.774201E+02, 0.195505E+02, 0.969514E+00, 0.126775E-01, 0.000000E+00, 0.000000E+00, 0.000000E+00, 0.197445E+01, 0.133544E+01, 0.133544E+01, 0.000000E+00, 0.779036E+02, 0.211717E+02, 0.000000E+00, 0.000000E+00, 0.000000E+00, 0.000000E+00, 0.000000E+00, 0.924723E+00, 0.000000E+00, 0.000000E+00, 0.000000E+00, 0.199256E+02, 0.678132E+03,-0.524124E+00, 0.100374E+06, 0.781425E+02, 0.210454E+02, 0.000000E+00, 0.000000E+00, 0.000000E+00, 0.000000E+00, 0.000000E+00, 0.812104E+00, 0.000000E+00, 0.000000E+00, 0.000000E+00, 0.218087E+02, 0.218374E+02, 0.697024E+01, 0.291064E+01,-0.757085E+02, 0.100258E+06, 0.778878E+02, 0.211868E+02, 0.000000E+00, 0.000000E+00, 0.000000E+00, 0.000000E+00, 0.000000E+00, 0.925384E+00, 0.000000E+00, 0.000000E+00, 0.000000E+00, 0.778843E+02, 0.211901E+02, 0.000000E+00, 0.000000E+00, 0.000000E+00, 0.000000E+00, 0.000000E+00, 0.925530E+00, 0.000000E+00, 0.000000E+00, 0.000000E+00, 0.217400E+02, 0.217654E+02, 0.347113E+01, 0.402210E+01,-0.757057E+02, 0.100258E+06, 0.778987E+02, 0.211764E+02, 0.000000E+00, 0.000000E+00, 0.000000E+00, 0.000000E+00, 0.000000E+00, 0.924930E+00, 0.000000E+00, 0.000000E+00, 0.000000E+00, 0.778845E+02, 0.211900E+02, 0.000000E+00, 0.000000E+00, 0.000000E+00, 0.000000E+00, 0.000000E+00, 0.925525E+00, 0.000000E+00, 0.000000E+00, 0.000000E+00, 0.217723E+02, 0.217992E+02, 0.349936E+01, 0.594503E-01,-0.784522E+02, 0.100255E+06, 0.778976E+02, 0.211774E+02, 0.000000E+00, 0.000000E+00, 0.000000E+00, 0.000000E+00, 0.000000E+00, 0.924976E+00, 0.000000E+00, 0.000000E+00, 0.000000E+00, 0.778845E+02, 0.211900E+02, 0.000000E+00, 0.000000E+00, 0.000000E+00, 0.000000E+00, 0.000000E+00, 0.925525E+00, 0.000000E+00, 0.000000E+00, 0.000000E+00, 0.216250E+02, 0.212537E+02, 0.321590E+01, 0.395767E+02, 0.801146E+00, 0.100293E+06, 0.778721E+02, 0.212076E+02, 0.000000E+00, 0.000000E+00, 0.000000E+00, 0.000000E+00, 0.000000E+00, 0.920378E+00, 0.000000E+00, 0.000000E+00, 0.000000E+00, 0.779735E+02, 0.211409E+02, 0.000000E+00, 0.000000E+00, 0.000000E+00, 0.000000E+00, 0.000000E+00, 0.885637E+00, 0.000000E+00, 0.000000E+00, 0.000000E+00, 0.218040E+02, 0.218329E+02, 0.347920E+01, 0.192613E+01, 0.778383E+00, 0.100293E+06, 0.779103E+02, 0.211774E+02, 0.000000E+00, 0.000000E+00, 0.000000E+00, 0.000000E+00, 0.000000E+00, 0.912320E+00, 0.000000E+00, 0.000000E+00, 0.000000E+00, 0.778777E+02, 0.211974E+02, 0.000000E+00, 0.000000E+00, 0.000000E+00, 0.000000E+00, 0.000000E+00, 0.924853E+00, 0.000000E+00, 0.000000E+00, 0.000000E+00, 0.100000E+01, 0.253976E+00, 0.438281E-02, 0.188461E+06, 0.188461E+06, 0.139272E+06, 0.188461E+06, 0.000000E+00, 0.839951E+00, 0.000000E+00, 0.000000E+00, 0.000000E+00, 0.000000E+00, 0.000000E+00, 0.000000E+00, 0.000000E+00, 0.000000E+00, 0.000000E+00, 0.000000E+00, 0.000000E+00, 0.000000E+00, 0.000000E+00, 0.000000E+00, 0.000000E+00, 0.000000E+00, 0.000000E+00, 0.000000E+00, 0.000000E+00, 0.000000E+00, 0.000000E+00, 0.000000E+00, 0.000000E+00, 0.000000E+00, 0.000000E+00, 0.000000E+00, 0.000000E+00, 0.000000E+00, 0.000000E+00, 0.000000E+00, 0.000000E+00, 0.000000E+00, 0.000000E+00, 0.000000E+00, 0.000000E+00, 0.000000E+00                      
 0.360000E+03, 0.189686E+02, 0.247555E+03,-0.323045E+00, 0.100375E+06, 0.782949E+02, 0.209641E+02, 0.000000E+00, 0.000000E+00, 0.000000E+00, 0.000000E+00, 0.000000E+00, 0.740983E+00, 0.000000E+00, 0.000000E+00, 0.000000E+00, 0.215111E+02, 0.214034E+02, 0.347706E+01, 0.224332E+01,-0.483609E+00, 0.100375E+06, 0.778233E+02, 0.212602E+02, 0.000000E+00, 0.000000E+00, 0.000000E+00, 0.000000E+00, 0.000000E+00, 0.916466E+00, 0.000000E+00, 0.000000E+00, 0.000000E+00, 0.779623E+02, 0.211442E+02, 0.000000E+00, 0.000000E+00, 0.000000E+00, 0.000000E+00, 0.000000E+00, 0.893521E+00, 0.000000E+00, 0.000000E+00, 0.000000E+00, 0.217407E+02, 0.217686E+02, 0.324592E+01, 0.353958E+02,-0.539079E+00, 0.100374E+06, 0.779024E+02, 0.211788E+02, 0.000000E+00, 0.000000E+00, 0.000000E+00, 0.000000E+00, 0.000000E+00, 0.918842E+00, 0.000000E+00, 0.000000E+00, 0.000000E+00, 0.778994E+02, 0.211778E+02, 0.000000E+00, 0.000000E+00, 0.000000E+00, 0.000000E+00, 0.000000E+00, 0.922736E+00, 0.000000E+00, 0.000000E+00, 0.000000E+00, 0.753569E+02, 0.336477E+02, 0.365189E+00, 0.290315E+03, 0.170192E+05, 0.117394E+06, 0.774120E+02, 0.195223E+02, 0.986262E+00, 0.128965E-01, 0.000000E+00, 0.000000E+00, 0.000000E+00, 0.199258E+01, 0.135992E+01, 0.135992E+01, 0.000000E+00, 0.779041E+02, 0.211712E+02, 0.000000E+00, 0.000000E+00, 0.000000E+00, 0.000000E+00, 0.000000E+00, 0.924703E+00, 0.000000E+00, 0.000000E+00, 0.000000E+00, 0.198846E+02, 0.678132E+03,-0.521140E+00, 0.100374E+06, 0.781487E+02, 0.210420E+02, 0.000000E+00, 0.000000E+00, 0.000000E+00, 0.000000E+00, 0.000000E+00, 0.809274E+00, 0.000000E+00, 0.000000E+00, 0.000000E+00, 0.218017E+02, 0.218305E+02, 0.696900E+01, 0.303185E+01,-0.783200E+02, 0.100255E+06, 0.778877E+02, 0.211869E+02, 0.000000E+00, 0.000000E+00, 0.000000E+00, 0.000000E+00, 0.000000E+00, 0.925389E+00, 0.000000E+00, 0.000000E+00, 0.000000E+00, 0.778843E+02, 0.211901E+02, 0.000000E+00, 0.000000E+00, 0.000000E+00, 0.000000E+00, 0.000000E+00, 0.925530E+00, 0.000000E+00, 0.000000E+00, 0.000000E+00, 0.217314E+02, 0.217567E+02, 0.346968E+01, 0.422445E+01,-0.783171E+02, 0.100255E+06, 0.778981E+02, 0.211770E+02, 0.000000E+00, 0.000000E+00, 0.000000E+00, 0.000000E+00, 0.000000E+00, 0.924955E+00, 0.000000E+00, 0.000000E+00, 0.000000E+00, 0.778845E+02, 0.211900E+02, 0.000000E+00, 0.000000E+00, 0.000000E+00, 0.000000E+00, 0.000000E+00, 0.925525E+00, 0.000000E+00, 0.000000E+00, 0.000000E+00, 0.217643E+02, 0.217912E+02, 0.349935E+01, 0.604047E-01,-0.811635E+02, 0.100252E+06, 0.778974E+02, 0.211776E+02, 0.000000E+00, 0.000000E+00, 0.000000E+00, 0.000000E+00, 0.000000E+00, 0.924984E+00, 0.000000E+00, 0.000000E+00, 0.000000E+00, 0.778845E+02, 0.211900E+02, 0.000000E+00, 0.000000E+00, 0.000000E+00, 0.000000E+00, 0.000000E+00, 0.925525E+00, 0.000000E+00, 0.000000E+00, 0.000000E+00, 0.216171E+02, 0.212260E+02, 0.321035E+01, 0.403504E+02, 0.794983E+00, 0.100293E+06, 0.778722E+02, 0.212073E+02, 0.000000E+00, 0.000000E+00, 0.000000E+00, 0.000000E+00, 0.000000E+00, 0.920460E+00, 0.000000E+00, 0.000000E+00, 0.000000E+00, 0.779777E+02, 0.211385E+02, 0.000000E+00, 0.000000E+00, 0.000000E+00, 0.000000E+00, 0.000000E+00, 0.883796E+00, 0.000000E+00, 0.000000E+00, 0.000000E+00, 0.217961E+02, 0.218249E+02, 0.347909E+01, 0.193655E+01, 0.771445E+00, 0.100293E+06, 0.779105E+02, 0.211773E+02, 0.000000E+00, 0.000000E+00, 0.000000E+00, 0.000000E+00, 0.000000E+00, 0.912197E+00, 0.000000E+00, 0.000000E+00, 0.000000E+00, 0.778780E+02, 0.211973E+02, 0.000000E+00, 0.000000E+00, 0.000000E+00, 0.000000E+00, 0.000000E+00, 0.924750E+00, 0.000000E+00, 0.000000E+00, 0.000000E+00, 0.100000E+01, 0.234814E+00, 0.419585E-02, 0.180422E+06, 0.180422E+06, 0.133332E+06, 0.180422E+06, 0.000000E+00, 0.806925E+00, 0.000000E+00, 0.000000E+00, 0.000000E+00, 0.000000E+00, 0.000000E+00, 0.000000E+00, 0.000000E+00, 0.000000E+00, 0.000000E+00, 0.000000E+00, 0.000000E+00, 0.000000E+00, 0.000000E+00, 0.000000E+00, 0.000000E+00, 0.000000E+00, 0.000000E+00, 0.000000E+00, 0.000000E+00, 0.000000E+00, 0.000000E+00, 0.000000E+00, 0.000000E+00, 0.000000E+00, 0.000000E+00, 0.000000E+00, 0.000000E+00, 0.000000E+00, 0.000000E+00, 0.000000E+00, 0.000000E+00, 0.000000E+00, 0.000000E+00, 0.000000E+00, 0.000000E+00, 0.000000E+00                      
 0.370000E+03, 0.189282E+02, 0.247555E+03,-0.320546E+00, 0.100375E+06, 0.783033E+02, 0.209595E+02, 0.000000E+00, 0.000000E+00, 0.000000E+00, 0.000000E+00, 0.000000E+00, 0.737229E+00, 0.000000E+00, 0.000000E+00, 0.000000E+00, 0.215020E+02, 0.213784E+02, 0.347706E+01, 0.224325E+01,-0.481586E+00, 0.100375E+06, 0.778233E+02, 0.212602E+02, 0.000000E+00, 0.000000E+00, 0.000000E+00, 0.000000E+00, 0.000000E+00, 0.916466E+00, 0.000000E+00, 0.000000E+00, 0.000000E+00, 0.779659E+02, 0.211422E+02, 0.000000E+00, 0.000000E+00, 0.000000E+00, 0.000000E+00, 0.000000E+00, 0.891866E+00, 0.000000E+00, 0.000000E+00, 0.000000E+00, 0.217308E+02, 0.217583E+02, 0.324450E+01, 0.355934E+02,-0.537254E+00, 0.100374E+06, 0.779026E+02, 0.211787E+02, 0.000000E+00, 0.000000E+00, 0.000000E+00, 0.000000E+00, 0.000000E+00, 0.918700E+00, 0.000000E+00, 0.000000E+00, 0.000000E+00, 0.779000E+02, 0.211775E+02, 0.000000E+00, 0.000000E+00, 0.000000E+00, 0.000000E+00, 0.000000E+00, 0.922483E+00, 0.000000E+00, 0.000000E+00, 0.000000E+00, 0.745428E+02, 0.333234E+02, 0.346865E+00, 0.292012E+03, 0.168565E+05, 0.117231E+06, 0.774042E+02, 0.194953E+02, 0.100230E+01, 0.131062E-01, 0.000000E+00, 0.000000E+00, 0.000000E+00, 0.200993E+01, 0.138336E+01, 0.138336E+01, 0.000000E+00, 0.779046E+02, 0.211708E+02, 0.000000E+00, 0.000000E+00, 0.000000E+00, 0.000000E+00, 0.000000E+00, 0.924684E+00, 0.000000E+00, 0.000000E+00, 0.000000E+00, 0.198450E+02, 0.678132E+03,-0.518245E+00, 0.100374E+06, 0.781548E+02, 0.210387E+02, 0.000000E+00, 0.000000E+00, 0.000000E+00, 0.000000E+00, 0.000000E+00, 0.806498E+00, 0.000000E+00, 0.000000E+00, 0.000000E+00, 0.217947E+02, 0.218235E+02, 0.696776E+01, 0.315352E+01,-0.809280E+02, 0.100252E+06, 0.778876E+02, 0.211870E+02, 0.000000E+00, 0.000000E+00, 0.000000E+00, 0.000000E+00, 0.000000E+00, 0.925393E+00, 0.000000E+00, 0.000000E+00, 0.000000E+00, 0.778843E+02, 0.211901E+02, 0.000000E+00, 0.000000E+00, 0.000000E+00, 0.000000E+00, 0.000000E+00, 0.925530E+00, 0.000000E+00, 0.000000E+00, 0.000000E+00, 0.217228E+02, 0.217480E+02, 0.346820E+01, 0.442997E+01,-0.809251E+02, 0.100252E+06, 0.778975E+02, 0.211775E+02, 0.000000E+00, 0.000000E+00, 0.000000E+00, 0.000000E+00, 0.000000E+00, 0.924978E+00, 0.000000E+00, 0.000000E+00, 0.000000E+00, 0.778845E+02, 0.211900E+02, 0.000000E+00, 0.000000E+00, 0.000000E+00, 0.000000E+00, 0.000000E+00, 0.925525E+00, 0.000000E+00, 0.000000E+00, 0.000000E+00, 0.217564E+02, 0.217833E+02, 0.349934E+01, 0.613575E-01,-0.838704E+02, 0.100250E+06, 0.778972E+02, 0.211778E+02, 0.000000E+00, 0.000000E+00, 0.000000E+00, 0.000000E+00, 0.000000E+00, 0.924993E+00, 0.000000E+00, 0.000000E+00, 0.000000E+00, 0.778845E+02, 0.211900E+02, 0.000000E+00, 0.000000E+00, 0.000000E+00, 0.000000E+00, 0.000000E+00, 0.925525E+00, 0.000000E+00, 0.000000E+00, 0.000000E+00, 0.216092E+02, 0.211985E+02, 0.320469E+01, 0.411390E+02, 0.789069E+00, 0.100293E+06, 0.778724E+02, 0.212071E+02, 0.000000E+00, 0.000000E+00, 0.000000E+00, 0.000000E+00, 0.000000E+00, 0.920538E+00, 0.000000E+00, 0.000000E+00, 0.000000E+00, 0.779820E+02, 0.211361E+02, 0.000000E+00, 0.000000E+00, 0.000000E+00, 0.000000E+00, 0.000000E+00, 0.881934E+00, 0.000000E+00, 0.000000E+00, 0.000000E+00, 0.217881E+02, 0.218169E+02, 0.347899E+01, 0.194575E+01, 0.764764E+00, 0.100293E+06, 0.779107E+02, 0.211772E+02, 0.000000E+00, 0.000000E+00, 0.000000E+00, 0.000000E+00, 0.000000E+00, 0.912084E+00, 0.000000E+00, 0.000000E+00, 0.000000E+00, 0.778782E+02, 0.211971E+02, 0.000000E+00, 0.000000E+00, 0.000000E+00, 0.000000E+00, 0.000000E+00, 0.924641E+00, 0.000000E+00, 0.000000E+00, 0.000000E+00, 0.100000E+01, 0.217401E+00, 0.401687E-02, 0.172725E+06, 0.172725E+06, 0.127644E+06, 0.172725E+06, 0.000000E+00, 0.774470E+00, 0.000000E+00, 0.000000E+00, 0.000000E+00, 0.000000E+00, 0.000000E+00, 0.000000E+00, 0.000000E+00, 0.000000E+00, 0.000000E+00, 0.000000E+00, 0.000000E+00, 0.000000E+00, 0.000000E+00, 0.000000E+00, 0.000000E+00, 0.000000E+00, 0.000000E+00, 0.000000E+00, 0.000000E+00, 0.000000E+00, 0.000000E+00, 0.000000E+00, 0.000000E+00, 0.000000E+00, 0.000000E+00, 0.000000E+00, 0.000000E+00, 0.000000E+00, 0.000000E+00, 0.000000E+00, 0.000000E+00, 0.000000E+00, 0.000000E+00, 0.000000E+00, 0.000000E+00, 0.000000E+00                      
 0.380000E+03, 0.188899E+02, 0.247555E+03,-0.318168E+00, 0.100375E+06, 0.783114E+02, 0.209550E+02, 0.000000E+00, 0.000000E+00, 0.000000E+00, 0.000000E+00, 0.000000E+00, 0.733568E+00, 0.000000E+00, 0.000000E+00, 0.000000E+00, 0.214932E+02, 0.213535E+02, 0.347707E+01, 0.224318E+01,-0.479599E+00, 0.100375E+06, 0.778233E+02, 0.212602E+02, 0.000000E+00, 0.000000E+00, 0.000000E+00, 0.000000E+00, 0.000000E+00, 0.916466E+00, 0.000000E+00, 0.000000E+00, 0.000000E+00, 0.779695E+02, 0.211403E+02, 0.000000E+00, 0.000000E+00, 0.000000E+00, 0.000000E+00, 0.000000E+00, 0.890193E+00, 0.000000E+00, 0.000000E+00, 0.000000E+00, 0.217209E+02, 0.217479E+02, 0.324324E+01, 0.357688E+02,-0.535474E+00, 0.100374E+06, 0.779029E+02, 0.211786E+02, 0.000000E+00, 0.000000E+00, 0.000000E+00, 0.000000E+00, 0.000000E+00, 0.918567E+00, 0.000000E+00, 0.000000E+00, 0.000000E+00, 0.779006E+02, 0.211772E+02, 0.000000E+00, 0.000000E+00, 0.000000E+00, 0.000000E+00, 0.000000E+00, 0.922216E+00, 0.000000E+00, 0.000000E+00, 0.000000E+00, 0.736909E+02, 0.329962E+02, 0.329940E+00, 0.293579E+03, 0.166734E+05, 0.117048E+06, 0.773967E+02, 0.194695E+02, 0.101765E+01, 0.133070E-01, 0.000000E+00, 0.000000E+00, 0.000000E+00, 0.202655E+01, 0.140583E+01, 0.140583E+01, 0.000000E+00, 0.779050E+02, 0.211703E+02, 0.000000E+00, 0.000000E+00, 0.000000E+00, 0.000000E+00, 0.000000E+00, 0.924665E+00, 0.000000E+00, 0.000000E+00, 0.000000E+00, 0.198067E+02, 0.678132E+03,-0.515439E+00, 0.100374E+06, 0.781608E+02, 0.210354E+02, 0.000000E+00, 0.000000E+00, 0.000000E+00, 0.000000E+00, 0.000000E+00, 0.803773E+00, 0.000000E+00, 0.000000E+00, 0.000000E+00, 0.217878E+02, 0.218166E+02, 0.696651E+01, 0.327558E+01,-0.835317E+02, 0.100250E+06, 0.778875E+02, 0.211871E+02, 0.000000E+00, 0.000000E+00, 0.000000E+00, 0.000000E+00, 0.000000E+00, 0.925398E+00, 0.000000E+00, 0.000000E+00, 0.000000E+00, 0.778843E+02, 0.211901E+02, 0.000000E+00, 0.000000E+00, 0.000000E+00, 0.000000E+00, 0.000000E+00, 0.925530E+00, 0.000000E+00, 0.000000E+00, 0.000000E+00, 0.217143E+02, 0.217393E+02, 0.346670E+01, 0.463856E+01,-0.835287E+02, 0.100250E+06, 0.778970E+02, 0.211780E+02, 0.000000E+00, 0.000000E+00, 0.000000E+00, 0.000000E+00, 0.000000E+00, 0.925000E+00, 0.000000E+00, 0.000000E+00, 0.000000E+00, 0.778845E+02, 0.211900E+02, 0.000000E+00, 0.000000E+00, 0.000000E+00, 0.000000E+00, 0.000000E+00, 0.925525E+00, 0.000000E+00, 0.000000E+00, 0.000000E+00, 0.217485E+02, 0.217753E+02, 0.349933E+01, 0.623082E-01,-0.865722E+02, 0.100247E+06, 0.778970E+02, 0.211780E+02, 0.000000E+00, 0.000000E+00, 0.000000E+00, 0.000000E+00, 0.000000E+00, 0.925001E+00, 0.000000E+00, 0.000000E+00, 0.000000E+00, 0.778845E+02, 0.211900E+02, 0.000000E+00, 0.000000E+00, 0.000000E+00, 0.000000E+00, 0.000000E+00, 0.925525E+00, 0.000000E+00, 0.000000E+00, 0.000000E+00, 0.216014E+02, 0.211713E+02, 0.319892E+01, 0.419421E+02, 0.783392E+00, 0.100293E+06, 0.778725E+02, 0.212069E+02, 0.000000E+00, 0.000000E+00, 0.000000E+00, 0.000000E+00, 0.000000E+00, 0.920613E+00, 0.000000E+00, 0.000000E+00, 0.000000E+00, 0.779863E+02, 0.211337E+02, 0.000000E+00, 0.000000E+00, 0.000000E+00, 0.000000E+00, 0.000000E+00, 0.880051E+00, 0.000000E+00, 0.000000E+00, 0.000000E+00, 0.217801E+02, 0.218088E+02, 0.347890E+01, 0.195389E+01, 0.758332E+00, 0.100293E+06, 0.779109E+02, 0.211771E+02, 0.000000E+00, 0.000000E+00, 0.000000E+00, 0.000000E+00, 0.000000E+00, 0.911980E+00, 0.000000E+00, 0.000000E+00, 0.000000E+00, 0.778785E+02, 0.211969E+02, 0.000000E+00, 0.000000E+00, 0.000000E+00, 0.000000E+00, 0.000000E+00, 0.924525E+00, 0.000000E+00, 0.000000E+00, 0.000000E+00, 0.100000E+01, 0.201554E+00, 0.384552E-02, 0.165358E+06, 0.165358E+06, 0.122199E+06, 0.165358E+06, 0.000000E+00, 0.742576E+00, 0.000000E+00, 0.000000E+00, 0.000000E+00, 0.000000E+00, 0.000000E+00, 0.000000E+00, 0.000000E+00, 0.000000E+00, 0.000000E+00, 0.000000E+00, 0.000000E+00, 0.000000E+00, 0.000000E+00, 0.000000E+00, 0.000000E+00, 0.000000E+00, 0.000000E+00, 0.000000E+00, 0.000000E+00, 0.000000E+00, 0.000000E+00, 0.000000E+00, 0.000000E+00, 0.000000E+00, 0.000000E+00, 0.000000E+00, 0.000000E+00, 0.000000E+00, 0.000000E+00, 0.000000E+00, 0.000000E+00, 0.000000E+00, 0.000000E+00, 0.000000E+00, 0.000000E+00, 0.000000E+00                      
 0.390000E+03, 0.188535E+02, 0.247555E+03,-0.315903E+00, 0.100375E+06, 0.783193E+02, 0.209507E+02, 0.000000E+00, 0.000000E+00, 0.000000E+00, 0.000000E+00, 0.000000E+00, 0.729997E+00, 0.000000E+00, 0.000000E+00, 0.000000E+00, 0.214844E+02, 0.213289E+02, 0.347707E+01, 0.224312E+01,-0.477646E+00, 0.100375E+06, 0.778233E+02, 0.212602E+02, 0.000000E+00, 0.000000E+00, 0.000000E+00, 0.000000E+00, 0.000000E+00, 0.916466E+00, 0.000000E+00, 0.000000E+00, 0.000000E+00, 0.779732E+02, 0.211383E+02, 0.000000E+00, 0.000000E+00, 0.000000E+00, 0.000000E+00, 0.000000E+00, 0.888502E+00, 0.000000E+00, 0.000000E+00, 0.000000E+00, 0.217109E+02, 0.217374E+02, 0.324212E+01, 0.359248E+02,-0.533739E+00, 0.100374E+06, 0.779031E+02, 0.211784E+02, 0.000000E+00, 0.000000E+00, 0.000000E+00, 0.000000E+00, 0.000000E+00, 0.918443E+00, 0.000000E+00, 0.000000E+00, 0.000000E+00, 0.779012E+02, 0.211769E+02, 0.000000E+00, 0.000000E+00, 0.000000E+00, 0.000000E+00, 0.000000E+00, 0.921934E+00, 0.000000E+00, 0.000000E+00, 0.000000E+00, 0.728081E+02, 0.326698E+02, 0.314283E+00, 0.295029E+03, 0.164730E+05, 0.116848E+06, 0.773896E+02, 0.194447E+02, 0.103236E+01, 0.134993E-01, 0.000000E+00, 0.000000E+00, 0.000000E+00, 0.204247E+01, 0.142736E+01, 0.142736E+01, 0.000000E+00, 0.779054E+02, 0.211699E+02, 0.000000E+00, 0.000000E+00, 0.000000E+00, 0.000000E+00, 0.000000E+00, 0.924648E+00, 0.000000E+00, 0.000000E+00, 0.000000E+00, 0.197697E+02, 0.678132E+03,-0.512717E+00, 0.100374E+06, 0.781667E+02, 0.210322E+02, 0.000000E+00, 0.000000E+00, 0.000000E+00, 0.000000E+00, 0.000000E+00, 0.801100E+00, 0.000000E+00, 0.000000E+00, 0.000000E+00, 0.217808E+02, 0.218096E+02, 0.696526E+01, 0.339799E+01,-0.861303E+02, 0.100247E+06, 0.778874E+02, 0.211872E+02, 0.000000E+00, 0.000000E+00, 0.000000E+00, 0.000000E+00, 0.000000E+00, 0.925402E+00, 0.000000E+00, 0.000000E+00, 0.000000E+00, 0.778843E+02, 0.211901E+02, 0.000000E+00, 0.000000E+00, 0.000000E+00, 0.000000E+00, 0.000000E+00, 0.925530E+00, 0.000000E+00, 0.000000E+00, 0.000000E+00, 0.217058E+02, 0.217307E+02, 0.346518E+01, 0.485012E+01,-0.861273E+02, 0.100247E+06, 0.778965E+02, 0.211785E+02, 0.000000E+00, 0.000000E+00, 0.000000E+00, 0.000000E+00, 0.000000E+00, 0.925020E+00, 0.000000E+00, 0.000000E+00, 0.000000E+00, 0.778845E+02, 0.211900E+02, 0.000000E+00, 0.000000E+00, 0.000000E+00, 0.000000E+00, 0.000000E+00, 0.925525E+00, 0.000000E+00, 0.000000E+00, 0.000000E+00, 0.217406E+02, 0.217674E+02, 0.349932E+01, 0.632567E-01,-0.892678E+02, 0.100244E+06, 0.778968E+02, 0.211782E+02, 0.000000E+00, 0.000000E+00, 0.000000E+00, 0.000000E+00, 0.000000E+00, 0.925009E+00, 0.000000E+00, 0.000000E+00, 0.000000E+00, 0.778845E+02, 0.211900E+02, 0.000000E+00, 0.000000E+00, 0.000000E+00, 0.000000E+00, 0.000000E+00, 0.925525E+00, 0.000000E+00, 0.000000E+00, 0.000000E+00, 0.215935E+02, 0.211443E+02, 0.319306E+01, 0.427592E+02, 0.777941E+00, 0.100293E+06, 0.778727E+02, 0.212066E+02, 0.000000E+00, 0.000000E+00, 0.000000E+00, 0.000000E+00, 0.000000E+00, 0.920684E+00, 0.000000E+00, 0.000000E+00, 0.000000E+00, 0.779906E+02, 0.211312E+02, 0.000000E+00, 0.000000E+00, 0.000000E+00, 0.000000E+00, 0.000000E+00, 0.878151E+00, 0.000000E+00, 0.000000E+00, 0.000000E+00, 0.217720E+02, 0.218007E+02, 0.347882E+01, 0.196112E+01, 0.752138E+00, 0.100293E+06, 0.779111E+02, 0.211770E+02, 0.000000E+00, 0.000000E+00, 0.000000E+00, 0.000000E+00, 0.000000E+00, 0.911885E+00, 0.000000E+00, 0.000000E+00, 0.000000E+00, 0.778788E+02, 0.211968E+02, 0.000000E+00, 0.000000E+00, 0.000000E+00, 0.000000E+00, 0.000000E+00, 0.924402E+00, 0.000000E+00, 0.000000E+00, 0.000000E+00, 0.100000E+01, 0.187114E+00, 0.368149E-02, 0.158304E+06, 0.158304E+06, 0.116987E+06, 0.158304E+06, 0.000000E+00, 0.711233E+00, 0.000000E+00, 0.000000E+00, 0.000000E+00, 0.000000E+00, 0.000000E+00, 0.000000E+00, 0.000000E+00, 0.000000E+00, 0.000000E+00, 0.000000E+00, 0.000000E+00, 0.000000E+00, 0.000000E+00, 0.000000E+00, 0.000000E+00, 0.000000E+00, 0.000000E+00, 0.000000E+00, 0.000000E+00, 0.000000E+00, 0.000000E+00, 0.000000E+00, 0.000000E+00, 0.000000E+00, 0.000000E+00, 0.000000E+00, 0.000000E+00, 0.000000E+00, 0.000000E+00, 0.000000E+00, 0.000000E+00, 0.000000E+00, 0.000000E+00, 0.000000E+00, 0.000000E+00, 0.000000E+00                      
 0.400000E+03, 0.188188E+02, 0.247555E+03,-0.313746E+00, 0.100375E+06, 0.783271E+02, 0.209464E+02, 0.000000E+00, 0.000000E+00, 0.000000E+00, 0.000000E+00, 0.000000E+00, 0.726512E+00, 0.000000E+00, 0.000000E+00, 0.000000E+00, 0.214758E+02, 0.213044E+02, 0.347707E+01, 0.224305E+01,-0.475728E+00, 0.100375E+06, 0.778233E+02, 0.212602E+02, 0.000000E+00, 0.000000E+00, 0.000000E+00, 0.000000E+00, 0.000000E+00, 0.916466E+00, 0.000000E+00, 0.000000E+00, 0.000000E+00, 0.779770E+02, 0.211362E+02, 0.000000E+00, 0.000000E+00, 0.000000E+00, 0.000000E+00, 0.000000E+00, 0.886796E+00, 0.000000E+00, 0.000000E+00, 0.000000E+00, 0.217009E+02, 0.217269E+02, 0.324112E+01, 0.360636E+02,-0.532045E+00, 0.100374E+06, 0.779033E+02, 0.211783E+02, 0.000000E+00, 0.000000E+00, 0.000000E+00, 0.000000E+00, 0.000000E+00, 0.918327E+00, 0.000000E+00, 0.000000E+00, 0.000000E+00, 0.779018E+02, 0.211766E+02, 0.000000E+00, 0.000000E+00, 0.000000E+00, 0.000000E+00, 0.000000E+00, 0.921638E+00, 0.000000E+00, 0.000000E+00, 0.000000E+00, 0.719008E+02, 0.323472E+02, 0.299776E+00, 0.296373E+03, 0.162578E+05, 0.116633E+06, 0.773828E+02, 0.194209E+02, 0.104645E+01, 0.136835E-01, 0.000000E+00, 0.000000E+00, 0.000000E+00, 0.205771E+01, 0.144799E+01, 0.144799E+01, 0.000000E+00, 0.779058E+02, 0.211696E+02, 0.000000E+00, 0.000000E+00, 0.000000E+00, 0.000000E+00, 0.000000E+00, 0.924631E+00, 0.000000E+00, 0.000000E+00, 0.000000E+00, 0.197339E+02, 0.678132E+03,-0.510077E+00, 0.100374E+06, 0.781725E+02, 0.210291E+02, 0.000000E+00, 0.000000E+00, 0.000000E+00, 0.000000E+00, 0.000000E+00, 0.798476E+00, 0.000000E+00, 0.000000E+00, 0.000000E+00, 0.217738E+02, 0.218027E+02, 0.696400E+01, 0.352071E+01,-0.887232E+02, 0.100245E+06, 0.778873E+02, 0.211873E+02, 0.000000E+00, 0.000000E+00, 0.000000E+00, 0.000000E+00, 0.000000E+00, 0.925406E+00, 0.000000E+00, 0.000000E+00, 0.000000E+00, 0.778843E+02, 0.211901E+02, 0.000000E+00, 0.000000E+00, 0.000000E+00, 0.000000E+00, 0.000000E+00, 0.925530E+00, 0.000000E+00, 0.000000E+00, 0.000000E+00, 0.216973E+02, 0.217222E+02, 0.346364E+01, 0.506455E+01,-0.887201E+02, 0.100245E+06, 0.778961E+02, 0.211789E+02, 0.000000E+00, 0.000000E+00, 0.000000E+00, 0.000000E+00, 0.000000E+00, 0.925039E+00, 0.000000E+00, 0.000000E+00, 0.000000E+00, 0.778845E+02, 0.211900E+02, 0.000000E+00, 0.000000E+00, 0.000000E+00, 0.000000E+00, 0.000000E+00, 0.925525E+00, 0.000000E+00, 0.000000E+00, 0.000000E+00, 0.217327E+02, 0.217595E+02, 0.349931E+01, 0.642025E-01,-0.919566E+02, 0.100241E+06, 0.778966E+02, 0.211784E+02, 0.000000E+00, 0.000000E+00, 0.000000E+00, 0.000000E+00, 0.000000E+00, 0.925017E+00, 0.000000E+00, 0.000000E+00, 0.000000E+00, 0.778845E+02, 0.211900E+02, 0.000000E+00, 0.000000E+00, 0.000000E+00, 0.000000E+00, 0.000000E+00, 0.925525E+00, 0.000000E+00, 0.000000E+00, 0.000000E+00, 0.215858E+02, 0.211176E+02, 0.318710E+01, 0.435898E+02, 0.772706E+00, 0.100293E+06, 0.778728E+02, 0.212064E+02, 0.000000E+00, 0.000000E+00, 0.000000E+00, 0.000000E+00, 0.000000E+00, 0.920752E+00, 0.000000E+00, 0.000000E+00, 0.000000E+00, 0.779950E+02, 0.211288E+02, 0.000000E+00, 0.000000E+00, 0.000000E+00, 0.000000E+00, 0.000000E+00, 0.876235E+00, 0.000000E+00, 0.000000E+00, 0.000000E+00, 0.217639E+02, 0.217925E+02, 0.347875E+01, 0.196756E+01, 0.746173E+00, 0.100293E+06, 0.779112E+02, 0.211770E+02, 0.000000E+00, 0.000000E+00, 0.000000E+00, 0.000000E+00, 0.000000E+00, 0.911798E+00, 0.000000E+00, 0.000000E+00, 0.000000E+00, 0.778791E+02, 0.211966E+02, 0.000000E+00, 0.000000E+00, 0.000000E+00, 0.000000E+00, 0.000000E+00, 0.924273E+00, 0.000000E+00, 0.000000E+00, 0.000000E+00, 0.100000E+01, 0.173940E+00, 0.352445E-02, 0.151551E+06, 0.151551E+06, 0.111996E+06, 0.151551E+06, 0.000000E+00, 0.680433E+00, 0.000000E+00, 0.000000E+00, 0.000000E+00, 0.000000E+00, 0.000000E+00, 0.000000E+00, 0.000000E+00, 0.000000E+00, 0.000000E+00, 0.000000E+00, 0.000000E+00, 0.000000E+00, 0.000000E+00, 0.000000E+00, 0.000000E+00, 0.000000E+00, 0.000000E+00, 0.000000E+00, 0.000000E+00, 0.000000E+00, 0.000000E+00, 0.000000E+00, 0.000000E+00, 0.000000E+00, 0.000000E+00, 0.000000E+00, 0.000000E+00, 0.000000E+00, 0.000000E+00, 0.000000E+00, 0.000000E+00, 0.000000E+00, 0.000000E+00, 0.000000E+00, 0.000000E+00, 0.000000E+00                      
 0.410000E+03, 0.187859E+02, 0.247555E+03,-0.311690E+00, 0.100375E+06, 0.783346E+02, 0.209423E+02, 0.000000E+00, 0.000000E+00, 0.000000E+00, 0.000000E+00, 0.000000E+00, 0.723111E+00, 0.000000E+00, 0.000000E+00, 0.000000E+00, 0.214674E+02, 0.212802E+02, 0.347707E+01, 0.224299E+01,-0.473845E+00, 0.100375E+06, 0.778233E+02, 0.212602E+02, 0.000000E+00, 0.000000E+00, 0.000000E+00, 0.000000E+00, 0.000000E+00, 0.916466E+00, 0.000000E+00, 0.000000E+00, 0.000000E+00, 0.779807E+02, 0.211342E+02, 0.000000E+00, 0.000000E+00, 0.000000E+00, 0.000000E+00, 0.000000E+00, 0.885075E+00, 0.000000E+00, 0.000000E+00, 0.000000E+00, 0.216908E+02, 0.217163E+02, 0.324023E+01, 0.361875E+02,-0.530393E+00, 0.100374E+06, 0.779036E+02, 0.211782E+02, 0.000000E+00, 0.000000E+00, 0.000000E+00, 0.000000E+00, 0.000000E+00, 0.918218E+00, 0.000000E+00, 0.000000E+00, 0.000000E+00, 0.779025E+02, 0.211762E+02, 0.000000E+00, 0.000000E+00, 0.000000E+00, 0.000000E+00, 0.000000E+00, 0.921328E+00, 0.000000E+00, 0.000000E+00, 0.000000E+00, 0.709747E+02, 0.320309E+02, 0.286313E+00, 0.297620E+03, 0.160301E+05, 0.116405E+06, 0.773762E+02, 0.193982E+02, 0.105995E+01, 0.138600E-01, 0.000000E+00, 0.000000E+00, 0.000000E+00, 0.207232E+01, 0.146776E+01, 0.146776E+01, 0.000000E+00, 0.779062E+02, 0.211692E+02, 0.000000E+00, 0.000000E+00, 0.000000E+00, 0.000000E+00, 0.000000E+00, 0.924616E+00, 0.000000E+00, 0.000000E+00, 0.000000E+00, 0.196993E+02, 0.678132E+03,-0.507516E+00, 0.100374E+06, 0.781781E+02, 0.210260E+02, 0.000000E+00, 0.000000E+00, 0.000000E+00, 0.000000E+00, 0.000000E+00, 0.795901E+00, 0.000000E+00, 0.000000E+00, 0.000000E+00, 0.217668E+02, 0.217957E+02, 0.696275E+01, 0.364368E+01,-0.913097E+02, 0.100242E+06, 0.778872E+02, 0.211874E+02, 0.000000E+00, 0.000000E+00, 0.000000E+00, 0.000000E+00, 0.000000E+00, 0.925410E+00, 0.000000E+00, 0.000000E+00, 0.000000E+00, 0.778843E+02, 0.211901E+02, 0.000000E+00, 0.000000E+00, 0.000000E+00, 0.000000E+00, 0.000000E+00, 0.925530E+00, 0.000000E+00, 0.000000E+00, 0.000000E+00, 0.216889E+02, 0.217137E+02, 0.346209E+01, 0.528176E+01,-0.913065E+02, 0.100242E+06, 0.778957E+02, 0.211793E+02, 0.000000E+00, 0.000000E+00, 0.000000E+00, 0.000000E+00, 0.000000E+00, 0.925057E+00, 0.000000E+00, 0.000000E+00, 0.000000E+00, 0.778845E+02, 0.211900E+02, 0.000000E+00, 0.000000E+00, 0.000000E+00, 0.000000E+00, 0.000000E+00, 0.925525E+00, 0.000000E+00, 0.000000E+00, 0.000000E+00, 0.217249E+02, 0.217516E+02, 0.349930E+01, 0.651454E-01,-0.946380E+02, 0.100239E+06, 0.778964E+02, 0.211786E+02, 0.000000E+00, 0.000000E+00, 0.000000E+00, 0.000000E+00, 0.000000E+00, 0.925025E+00, 0.000000E+00, 0.000000E+00, 0.000000E+00, 0.778845E+02, 0.211900E+02, 0.000000E+00, 0.000000E+00, 0.000000E+00, 0.000000E+00, 0.000000E+00, 0.925525E+00, 0.000000E+00, 0.000000E+00, 0.000000E+00, 0.215780E+02, 0.210911E+02, 0.318104E+01, 0.444336E+02, 0.767678E+00, 0.100293E+06, 0.778730E+02, 0.212062E+02, 0.000000E+00, 0.000000E+00, 0.000000E+00, 0.000000E+00, 0.000000E+00, 0.920815E+00, 0.000000E+00, 0.000000E+00, 0.000000E+00, 0.779994E+02, 0.211263E+02, 0.000000E+00, 0.000000E+00, 0.000000E+00, 0.000000E+00, 0.000000E+00, 0.874303E+00, 0.000000E+00, 0.000000E+00, 0.000000E+00, 0.217557E+02, 0.217842E+02, 0.347869E+01, 0.197333E+01, 0.740427E+00, 0.100293E+06, 0.779114E+02, 0.211769E+02, 0.000000E+00, 0.000000E+00, 0.000000E+00, 0.000000E+00, 0.000000E+00, 0.911719E+00, 0.000000E+00, 0.000000E+00, 0.000000E+00, 0.778795E+02, 0.211964E+02, 0.000000E+00, 0.000000E+00, 0.000000E+00, 0.000000E+00, 0.000000E+00, 0.924137E+00, 0.000000E+00, 0.000000E+00, 0.000000E+00, 0.100000E+01, 0.161905E+00, 0.337411E-02, 0.145087E+06, 0.145087E+06, 0.107219E+06, 0.145087E+06, 0.000000E+00, 0.650164E+00, 0.000000E+00, 0.000000E+00, 0.000000E+00, 0.000000E+00, 0.000000E+00, 0.000000E+00, 0.000000E+00, 0.000000E+00, 0.000000E+00, 0.000000E+00, 0.000000E+00, 0.000000E+00, 0.000000E+00, 0.000000E+00, 0.000000E+00, 0.000000E+00, 0.000000E+00, 0.000000E+00, 0.000000E+00, 0.000000E+00, 0.000000E+00, 0.000000E+00, 0.000000E+00, 0.000000E+00, 0.000000E+00, 0.000000E+00, 0.000000E+00, 0.000000E+00, 0.000000E+00, 0.000000E+00, 0.000000E+00, 0.000000E+00, 0.000000E+00, 0.000000E+00, 0.000000E+00, 0.000000E+00                      
 0.420000E+03, 0.187545E+02, 0.247555E+03,-0.309730E+00, 0.100375E+06, 0.783420E+02, 0.209382E+02, 0.000000E+00, 0.000000E+00, 0.000000E+00, 0.000000E+00, 0.000000E+00, 0.719790E+00, 0.000000E+00, 0.000000E+00, 0.000000E+00, 0.214590E+02, 0.212562E+02, 0.347707E+01, 0.224292E+01,-0.471997E+00, 0.100375E+06, 0.778233E+02, 0.212602E+02, 0.000000E+00, 0.000000E+00, 0.000000E+00, 0.000000E+00, 0.000000E+00, 0.916466E+00, 0.000000E+00, 0.000000E+00, 0.000000E+00, 0.779845E+02, 0.211321E+02, 0.000000E+00, 0.000000E+00, 0.000000E+00, 0.000000E+00, 0.000000E+00, 0.883340E+00, 0.000000E+00, 0.000000E+00, 0.000000E+00, 0.216807E+02, 0.217057E+02, 0.323944E+01, 0.362980E+02,-0.528780E+00, 0.100374E+06, 0.779038E+02, 0.211781E+02, 0.000000E+00, 0.000000E+00, 0.000000E+00, 0.000000E+00, 0.000000E+00, 0.918117E+00, 0.000000E+00, 0.000000E+00, 0.000000E+00, 0.779032E+02, 0.211758E+02, 0.000000E+00, 0.000000E+00, 0.000000E+00, 0.000000E+00, 0.000000E+00, 0.921004E+00, 0.000000E+00, 0.000000E+00, 0.000000E+00, 0.700344E+02, 0.317227E+02, 0.273802E+00, 0.298778E+03, 0.157920E+05, 0.116167E+06, 0.773699E+02, 0.193764E+02, 0.107288E+01, 0.140291E-01, 0.000000E+00, 0.000000E+00, 0.000000E+00, 0.208631E+01, 0.148671E+01, 0.148671E+01, 0.000000E+00, 0.779066E+02, 0.211688E+02, 0.000000E+00, 0.000000E+00, 0.000000E+00, 0.000000E+00, 0.000000E+00, 0.924600E+00, 0.000000E+00, 0.000000E+00, 0.000000E+00, 0.196658E+02, 0.678132E+03,-0.505033E+00, 0.100374E+06, 0.781837E+02, 0.210229E+02, 0.000000E+00, 0.000000E+00, 0.000000E+00, 0.000000E+00, 0.000000E+00, 0.793373E+00, 0.000000E+00, 0.000000E+00, 0.000000E+00, 0.217599E+02, 0.217887E+02, 0.696149E+01, 0.376688E+01,-0.938892E+02, 0.100240E+06, 0.778871E+02, 0.211875E+02, 0.000000E+00, 0.000000E+00, 0.000000E+00, 0.000000E+00, 0.000000E+00, 0.925413E+00, 0.000000E+00, 0.000000E+00, 0.000000E+00, 0.778843E+02, 0.211901E+02, 0.000000E+00, 0.000000E+00, 0.000000E+00, 0.000000E+00, 0.000000E+00, 0.925530E+00, 0.000000E+00, 0.000000E+00, 0.000000E+00, 0.216806E+02, 0.217052E+02, 0.346051E+01, 0.550164E+01,-0.938859E+02, 0.100240E+06, 0.778953E+02, 0.211797E+02, 0.000000E+00, 0.000000E+00, 0.000000E+00, 0.000000E+00, 0.000000E+00, 0.925073E+00, 0.000000E+00, 0.000000E+00, 0.000000E+00, 0.778845E+02, 0.211900E+02, 0.000000E+00, 0.000000E+00, 0.000000E+00, 0.000000E+00, 0.000000E+00, 0.925525E+00, 0.000000E+00, 0.000000E+00, 0.000000E+00, 0.217171E+02, 0.217437E+02, 0.349929E+01, 0.660851E-01,-0.973111E+02, 0.100236E+06, 0.778962E+02, 0.211787E+02, 0.000000E+00, 0.000000E+00, 0.000000E+00, 0.000000E+00, 0.000000E+00, 0.925032E+00, 0.000000E+00, 0.000000E+00, 0.000000E+00, 0.778845E+02, 0.211900E+02, 0.000000E+00, 0.000000E+00, 0.000000E+00, 0.000000E+00, 0.000000E+00, 0.925525E+00, 0.000000E+00, 0.000000E+00, 0.000000E+00, 0.215703E+02, 0.210650E+02, 0.317489E+01, 0.452900E+02, 0.762847E+00, 0.100293E+06, 0.778732E+02, 0.212060E+02, 0.000000E+00, 0.000000E+00, 0.000000E+00, 0.000000E+00, 0.000000E+00, 0.920875E+00, 0.000000E+00, 0.000000E+00, 0.000000E+00, 0.780038E+02, 0.211238E+02, 0.000000E+00, 0.000000E+00, 0.000000E+00, 0.000000E+00, 0.000000E+00, 0.872358E+00, 0.000000E+00, 0.000000E+00, 0.000000E+00, 0.217475E+02, 0.217759E+02, 0.347864E+01, 0.197850E+01, 0.734893E+00, 0.100293E+06, 0.779115E+02, 0.211768E+02, 0.000000E+00, 0.000000E+00, 0.000000E+00, 0.000000E+00, 0.000000E+00, 0.911646E+00, 0.000000E+00, 0.000000E+00, 0.000000E+00, 0.778798E+02, 0.211962E+02, 0.000000E+00, 0.000000E+00, 0.000000E+00, 0.000000E+00, 0.000000E+00, 0.923993E+00, 0.000000E+00, 0.000000E+00, 0.000000E+00, 0.100000E+01, 0.150899E+00, 0.323018E-02, 0.138898E+06, 0.138898E+06, 0.102645E+06, 0.138898E+06, 0.186483E-10, 0.620419E+00, 0.000000E+00, 0.000000E+00, 0.000000E+00, 0.000000E+00, 0.000000E+00, 0.000000E+00, 0.000000E+00, 0.000000E+00, 0.000000E+00, 0.000000E+00, 0.000000E+00, 0.000000E+00, 0.000000E+00, 0.000000E+00, 0.000000E+00, 0.000000E+00, 0.000000E+00, 0.000000E+00, 0.000000E+00, 0.000000E+00, 0.000000E+00, 0.000000E+00, 0.000000E+00, 0.000000E+00, 0.000000E+00, 0.000000E+00, 0.000000E+00, 0.000000E+00, 0.000000E+00, 0.000000E+00, 0.000000E+00, 0.000000E+00, 0.000000E+00, 0.000000E+00, 0.000000E+00, 0.000000E+00                      
 0.430000E+03, 0.187247E+02, 0.247555E+03,-0.307860E+00, 0.100375E+06, 0.783492E+02, 0.209343E+02, 0.000000E+00, 0.000000E+00, 0.000000E+00, 0.000000E+00, 0.000000E+00, 0.716546E+00, 0.000000E+00, 0.000000E+00, 0.000000E+00, 0.214507E+02, 0.212325E+02, 0.347707E+01, 0.224286E+01,-0.470184E+00, 0.100375E+06, 0.778233E+02, 0.212602E+02, 0.000000E+00, 0.000000E+00, 0.000000E+00, 0.000000E+00, 0.000000E+00, 0.916466E+00, 0.000000E+00, 0.000000E+00, 0.000000E+00, 0.779883E+02, 0.211301E+02, 0.000000E+00, 0.000000E+00, 0.000000E+00, 0.000000E+00, 0.000000E+00, 0.881592E+00, 0.000000E+00, 0.000000E+00, 0.000000E+00, 0.216706E+02, 0.216950E+02, 0.323873E+01, 0.363970E+02,-0.527206E+00, 0.100374E+06, 0.779040E+02, 0.211780E+02, 0.000000E+00, 0.000000E+00, 0.000000E+00, 0.000000E+00, 0.000000E+00, 0.918021E+00, 0.000000E+00, 0.000000E+00, 0.000000E+00, 0.779039E+02, 0.211754E+02, 0.000000E+00, 0.000000E+00, 0.000000E+00, 0.000000E+00, 0.000000E+00, 0.920666E+00, 0.000000E+00, 0.000000E+00, 0.000000E+00, 0.690845E+02, 0.314242E+02, 0.262156E+00, 0.299857E+03, 0.155453E+05, 0.115920E+06, 0.773639E+02, 0.193555E+02, 0.108527E+01, 0.141911E-01, 0.000000E+00, 0.000000E+00, 0.000000E+00, 0.209972E+01, 0.150487E+01, 0.150487E+01, 0.000000E+00, 0.779069E+02, 0.211685E+02, 0.000000E+00, 0.000000E+00, 0.000000E+00, 0.000000E+00, 0.000000E+00, 0.924586E+00, 0.000000E+00, 0.000000E+00, 0.000000E+00, 0.196334E+02, 0.678132E+03,-0.502624E+00, 0.100374E+06, 0.781892E+02, 0.210200E+02, 0.000000E+00, 0.000000E+00, 0.000000E+00, 0.000000E+00, 0.000000E+00, 0.790891E+00, 0.000000E+00, 0.000000E+00, 0.000000E+00, 0.217529E+02, 0.217818E+02, 0.696023E+01, 0.389026E+01,-0.964611E+02, 0.100237E+06, 0.778871E+02, 0.211875E+02, 0.000000E+00, 0.000000E+00, 0.000000E+00, 0.000000E+00, 0.000000E+00, 0.925416E+00, 0.000000E+00, 0.000000E+00, 0.000000E+00, 0.778843E+02, 0.211901E+02, 0.000000E+00, 0.000000E+00, 0.000000E+00, 0.000000E+00, 0.000000E+00, 0.925530E+00, 0.000000E+00, 0.000000E+00, 0.000000E+00, 0.216723E+02, 0.216968E+02, 0.345891E+01, 0.572412E+01,-0.964578E+02, 0.100237E+06, 0.778949E+02, 0.211800E+02, 0.000000E+00, 0.000000E+00, 0.000000E+00, 0.000000E+00, 0.000000E+00, 0.925089E+00, 0.000000E+00, 0.000000E+00, 0.000000E+00, 0.778845E+02, 0.211900E+02, 0.000000E+00, 0.000000E+00, 0.000000E+00, 0.000000E+00, 0.000000E+00, 0.925525E+00, 0.000000E+00, 0.000000E+00, 0.000000E+00, 0.217093E+02, 0.217359E+02, 0.349928E+01, 0.670214E-01,-0.999755E+02, 0.100233E+06, 0.778961E+02, 0.211789E+02, 0.000000E+00, 0.000000E+00, 0.000000E+00, 0.000000E+00, 0.000000E+00, 0.925039E+00, 0.000000E+00, 0.000000E+00, 0.000000E+00, 0.778845E+02, 0.211900E+02, 0.000000E+00, 0.000000E+00, 0.000000E+00, 0.000000E+00, 0.000000E+00, 0.925525E+00, 0.000000E+00, 0.000000E+00, 0.000000E+00, 0.215627E+02, 0.210391E+02, 0.316866E+01, 0.461586E+02, 0.758205E+00, 0.100293E+06, 0.778733E+02, 0.212058E+02, 0.000000E+00, 0.000000E+00, 0.000000E+00, 0.000000E+00, 0.000000E+00, 0.920930E+00, 0.000000E+00, 0.000000E+00, 0.000000E+00, 0.780083E+02, 0.211213E+02, 0.000000E+00, 0.000000E+00, 0.000000E+00, 0.000000E+00, 0.000000E+00, 0.870400E+00, 0.000000E+00, 0.000000E+00, 0.000000E+00, 0.217392E+02, 0.217676E+02, 0.347859E+01, 0.198316E+01, 0.729561E+00, 0.100293E+06, 0.779117E+02, 0.211767E+02, 0.000000E+00, 0.000000E+00, 0.000000E+00, 0.000000E+00, 0.000000E+00, 0.911580E+00, 0.000000E+00, 0.000000E+00, 0.000000E+00, 0.778802E+02, 0.211960E+02, 0.000000E+00, 0.000000E+00, 0.000000E+00, 0.000000E+00, 0.000000E+00, 0.923843E+00, 0.000000E+00, 0.000000E+00, 0.000000E+00, 0.100000E+01, 0.140824E+00, 0.309239E-02, 0.132973E+06, 0.132973E+06, 0.982669E+05, 0.132973E+06, 0.000000E+00, 0.591188E+00, 0.000000E+00, 0.000000E+00, 0.000000E+00, 0.000000E+00, 0.000000E+00, 0.000000E+00, 0.000000E+00, 0.000000E+00, 0.000000E+00, 0.000000E+00, 0.000000E+00, 0.000000E+00, 0.000000E+00, 0.000000E+00, 0.000000E+00, 0.000000E+00, 0.000000E+00, 0.000000E+00, 0.000000E+00, 0.000000E+00, 0.000000E+00, 0.000000E+00, 0.000000E+00, 0.000000E+00, 0.000000E+00, 0.000000E+00, 0.000000E+00, 0.000000E+00, 0.000000E+00, 0.000000E+00, 0.000000E+00, 0.000000E+00, 0.000000E+00, 0.000000E+00, 0.000000E+00, 0.000000E+00                      
 0.440000E+03, 0.186962E+02, 0.247555E+03,-0.306076E+00, 0.100375E+06, 0.783562E+02, 0.209304E+02, 0.000000E+00, 0.000000E+00, 0.000000E+00, 0.000000E+00, 0.000000E+00, 0.713378E+00, 0.000000E+00, 0.000000E+00, 0.000000E+00, 0.214425E+02, 0.212091E+02, 0.347707E+01, 0.224280E+01,-0.468406E+00, 0.100375E+06, 0.778233E+02, 0.212602E+02, 0.000000E+00, 0.000000E+00, 0.000000E+00, 0.000000E+00, 0.000000E+00, 0.916466E+00, 0.000000E+00, 0.000000E+00, 0.000000E+00, 0.779922E+02, 0.211280E+02, 0.000000E+00, 0.000000E+00, 0.000000E+00, 0.000000E+00, 0.000000E+00, 0.879832E+00, 0.000000E+00, 0.000000E+00, 0.000000E+00, 0.216604E+02, 0.216843E+02, 0.323809E+01, 0.364857E+02,-0.525669E+00, 0.100374E+06, 0.779041E+02, 0.211779E+02, 0.000000E+00, 0.000000E+00, 0.000000E+00, 0.000000E+00, 0.000000E+00, 0.917932E+00, 0.000000E+00, 0.000000E+00, 0.000000E+00, 0.779047E+02, 0.211750E+02, 0.000000E+00, 0.000000E+00, 0.000000E+00, 0.000000E+00, 0.000000E+00, 0.920315E+00, 0.000000E+00, 0.000000E+00, 0.000000E+00, 0.681285E+02, 0.311364E+02, 0.251301E+00, 0.300862E+03, 0.152917E+05, 0.115667E+06, 0.773582E+02, 0.193355E+02, 0.109714E+01, 0.143463E-01, 0.000000E+00, 0.000000E+00, 0.000000E+00, 0.211256E+01, 0.152226E+01, 0.152226E+01, 0.000000E+00, 0.779072E+02, 0.211682E+02, 0.000000E+00, 0.000000E+00, 0.000000E+00, 0.000000E+00, 0.000000E+00, 0.924572E+00, 0.000000E+00, 0.000000E+00, 0.000000E+00, 0.196021E+02, 0.678132E+03,-0.500287E+00, 0.100374E+06, 0.781945E+02, 0.210170E+02, 0.000000E+00, 0.000000E+00, 0.000000E+00, 0.000000E+00, 0.000000E+00, 0.788454E+00, 0.000000E+00, 0.000000E+00, 0.000000E+00, 0.217460E+02, 0.217749E+02, 0.695896E+01, 0.401380E+01,-0.990249E+02, 0.100234E+06, 0.778870E+02, 0.211876E+02, 0.000000E+00, 0.000000E+00, 0.000000E+00, 0.000000E+00, 0.000000E+00, 0.925420E+00, 0.000000E+00, 0.000000E+00, 0.000000E+00, 0.778843E+02, 0.211901E+02, 0.000000E+00, 0.000000E+00, 0.000000E+00, 0.000000E+00, 0.000000E+00, 0.925530E+00, 0.000000E+00, 0.000000E+00, 0.000000E+00, 0.216640E+02, 0.216884E+02, 0.345730E+01, 0.594909E+01,-0.990216E+02, 0.100234E+06, 0.778945E+02, 0.211804E+02, 0.000000E+00, 0.000000E+00, 0.000000E+00, 0.000000E+00, 0.000000E+00, 0.925104E+00, 0.000000E+00, 0.000000E+00, 0.000000E+00, 0.778845E+02, 0.211900E+02, 0.000000E+00, 0.000000E+00, 0.000000E+00, 0.000000E+00, 0.000000E+00, 0.925525E+00, 0.000000E+00, 0.000000E+00, 0.000000E+00, 0.217015E+02, 0.217281E+02, 0.349927E+01, 0.679541E-01,-0.102630E+03, 0.100231E+06, 0.778959E+02, 0.211790E+02, 0.000000E+00, 0.000000E+00, 0.000000E+00, 0.000000E+00, 0.000000E+00, 0.925046E+00, 0.000000E+00, 0.000000E+00, 0.000000E+00, 0.778845E+02, 0.211900E+02, 0.000000E+00, 0.000000E+00, 0.000000E+00, 0.000000E+00, 0.000000E+00, 0.925525E+00, 0.000000E+00, 0.000000E+00, 0.000000E+00, 0.215550E+02, 0.210136E+02, 0.316234E+01, 0.470391E+02, 0.753742E+00, 0.100293E+06, 0.778735E+02, 0.212055E+02, 0.000000E+00, 0.000000E+00, 0.000000E+00, 0.000000E+00, 0.000000E+00, 0.920981E+00, 0.000000E+00, 0.000000E+00, 0.000000E+00, 0.780127E+02, 0.211188E+02, 0.000000E+00, 0.000000E+00, 0.000000E+00, 0.000000E+00, 0.000000E+00, 0.868431E+00, 0.000000E+00, 0.000000E+00, 0.000000E+00, 0.217309E+02, 0.217592E+02, 0.347854E+01, 0.198738E+01, 0.724423E+00, 0.100293E+06, 0.779118E+02, 0.211767E+02, 0.000000E+00, 0.000000E+00, 0.000000E+00, 0.000000E+00, 0.000000E+00, 0.911519E+00, 0.000000E+00, 0.000000E+00, 0.000000E+00, 0.778805E+02, 0.211958E+02, 0.000000E+00, 0.000000E+00, 0.000000E+00, 0.000000E+00, 0.000000E+00, 0.923686E+00, 0.000000E+00, 0.000000E+00, 0.000000E+00, 0.100000E+01, 0.131592E+00, 0.296048E-02, 0.127301E+06, 0.127301E+06, 0.940752E+05, 0.127301E+06, 0.000000E+00, 0.562462E+00, 0.000000E+00, 0.000000E+00, 0.000000E+00, 0.000000E+00, 0.000000E+00, 0.000000E+00, 0.000000E+00, 0.000000E+00, 0.000000E+00, 0.000000E+00, 0.000000E+00, 0.000000E+00, 0.000000E+00, 0.000000E+00, 0.000000E+00, 0.000000E+00, 0.000000E+00, 0.000000E+00, 0.000000E+00, 0.000000E+00, 0.000000E+00, 0.000000E+00, 0.000000E+00, 0.000000E+00, 0.000000E+00, 0.000000E+00, 0.000000E+00, 0.000000E+00, 0.000000E+00, 0.000000E+00, 0.000000E+00, 0.000000E+00, 0.000000E+00, 0.000000E+00, 0.000000E+00, 0.000000E+00                      
 0.450000E+03, 0.186692E+02, 0.247555E+03,-0.304373E+00, 0.100375E+06, 0.783631E+02, 0.209266E+02, 0.000000E+00, 0.000000E+00, 0.000000E+00, 0.000000E+00, 0.000000E+00, 0.710282E+00, 0.000000E+00, 0.000000E+00, 0.000000E+00, 0.214345E+02, 0.211859E+02, 0.347707E+01, 0.224274E+01,-0.466663E+00, 0.100375E+06, 0.778233E+02, 0.212602E+02, 0.000000E+00, 0.000000E+00, 0.000000E+00, 0.000000E+00, 0.000000E+00, 0.916466E+00, 0.000000E+00, 0.000000E+00, 0.000000E+00, 0.779961E+02, 0.211259E+02, 0.000000E+00, 0.000000E+00, 0.000000E+00, 0.000000E+00, 0.000000E+00, 0.878062E+00, 0.000000E+00, 0.000000E+00, 0.000000E+00, 0.216503E+02, 0.216737E+02, 0.323752E+01, 0.365654E+02,-0.524168E+00, 0.100374E+06, 0.779043E+02, 0.211779E+02, 0.000000E+00, 0.000000E+00, 0.000000E+00, 0.000000E+00, 0.000000E+00, 0.917848E+00, 0.000000E+00, 0.000000E+00, 0.000000E+00, 0.779055E+02, 0.211746E+02, 0.000000E+00, 0.000000E+00, 0.000000E+00, 0.000000E+00, 0.000000E+00, 0.919949E+00, 0.000000E+00, 0.000000E+00, 0.000000E+00, 0.671700E+02, 0.308599E+02, 0.241167E+00, 0.301801E+03, 0.150326E+05, 0.115408E+06, 0.773527E+02, 0.193164E+02, 0.110850E+01, 0.144949E-01, 0.000000E+00, 0.000000E+00, 0.000000E+00, 0.212487E+01, 0.153893E+01, 0.153893E+01, 0.000000E+00, 0.779076E+02, 0.211679E+02, 0.000000E+00, 0.000000E+00, 0.000000E+00, 0.000000E+00, 0.000000E+00, 0.924558E+00, 0.000000E+00, 0.000000E+00, 0.000000E+00, 0.195718E+02, 0.678132E+03,-0.498020E+00, 0.100375E+06, 0.781998E+02, 0.210142E+02, 0.000000E+00, 0.000000E+00, 0.000000E+00, 0.000000E+00, 0.000000E+00, 0.786061E+00, 0.000000E+00, 0.000000E+00, 0.000000E+00, 0.217390E+02, 0.217679E+02, 0.695770E+01, 0.413745E+01,-0.101580E+03, 0.100232E+06, 0.778869E+02, 0.211877E+02, 0.000000E+00, 0.000000E+00, 0.000000E+00, 0.000000E+00, 0.000000E+00, 0.925423E+00, 0.000000E+00, 0.000000E+00, 0.000000E+00, 0.778843E+02, 0.211901E+02, 0.000000E+00, 0.000000E+00, 0.000000E+00, 0.000000E+00, 0.000000E+00, 0.925530E+00, 0.000000E+00, 0.000000E+00, 0.000000E+00, 0.216558E+02, 0.216801E+02, 0.345566E+01, 0.617647E+01,-0.101577E+03, 0.100232E+06, 0.778942E+02, 0.211807E+02, 0.000000E+00, 0.000000E+00, 0.000000E+00, 0.000000E+00, 0.000000E+00, 0.925118E+00, 0.000000E+00, 0.000000E+00, 0.000000E+00, 0.778845E+02, 0.211900E+02, 0.000000E+00, 0.000000E+00, 0.000000E+00, 0.000000E+00, 0.000000E+00, 0.925525E+00, 0.000000E+00, 0.000000E+00, 0.000000E+00, 0.216938E+02, 0.217203E+02, 0.349926E+01, 0.688829E-01,-0.105276E+03, 0.100228E+06, 0.778957E+02, 0.211792E+02, 0.000000E+00, 0.000000E+00, 0.000000E+00, 0.000000E+00, 0.000000E+00, 0.925053E+00, 0.000000E+00, 0.000000E+00, 0.000000E+00, 0.778845E+02, 0.211900E+02, 0.000000E+00, 0.000000E+00, 0.000000E+00, 0.000000E+00, 0.000000E+00, 0.925525E+00, 0.000000E+00, 0.000000E+00, 0.000000E+00, 0.215474E+02, 0.209885E+02, 0.315593E+01, 0.479309E+02, 0.749451E+00, 0.100293E+06, 0.778736E+02, 0.212053E+02, 0.000000E+00, 0.000000E+00, 0.000000E+00, 0.000000E+00, 0.000000E+00, 0.921028E+00, 0.000000E+00, 0.000000E+00, 0.000000E+00, 0.780172E+02, 0.211163E+02, 0.000000E+00, 0.000000E+00, 0.000000E+00, 0.000000E+00, 0.000000E+00, 0.866452E+00, 0.000000E+00, 0.000000E+00, 0.000000E+00, 0.217226E+02, 0.217507E+02, 0.347850E+01, 0.199121E+01, 0.719472E+00, 0.100293E+06, 0.779119E+02, 0.211766E+02, 0.000000E+00, 0.000000E+00, 0.000000E+00, 0.000000E+00, 0.000000E+00, 0.911463E+00, 0.000000E+00, 0.000000E+00, 0.000000E+00, 0.778809E+02, 0.211955E+02, 0.000000E+00, 0.000000E+00, 0.000000E+00, 0.000000E+00, 0.000000E+00, 0.923521E+00, 0.000000E+00, 0.000000E+00, 0.000000E+00, 0.100000E+01, 0.123125E+00, 0.283420E-02, 0.121870E+06, 0.121870E+06, 0.900622E+05, 0.121870E+06, 0.000000E+00, 0.534233E+00, 0.000000E+00, 0.000000E+00, 0.000000E+00, 0.000000E+00, 0.000000E+00, 0.000000E+00, 0.000000E+00, 0.000000E+00, 0.000000E+00, 0.000000E+00, 0.000000E+00, 0.000000E+00, 0.000000E+00, 0.000000E+00, 0.000000E+00, 0.000000E+00, 0.000000E+00, 0.000000E+00, 0.000000E+00, 0.000000E+00, 0.000000E+00, 0.000000E+00, 0.000000E+00, 0.000000E+00, 0.000000E+00, 0.000000E+00, 0.000000E+00, 0.000000E+00, 0.000000E+00, 0.000000E+00, 0.000000E+00, 0.000000E+00, 0.000000E+00, 0.000000E+00, 0.000000E+00, 0.000000E+00                      
 0.460000E+03, 0.186433E+02, 0.247555E+03,-0.302746E+00, 0.100375E+06, 0.783698E+02, 0.209229E+02, 0.000000E+00, 0.000000E+00, 0.000000E+00, 0.000000E+00, 0.000000E+00, 0.707255E+00, 0.000000E+00, 0.000000E+00, 0.000000E+00, 0.214265E+02, 0.211630E+02, 0.347707E+01, 0.224267E+01,-0.464953E+00, 0.100375E+06, 0.778233E+02, 0.212602E+02, 0.000000E+00, 0.000000E+00, 0.000000E+00, 0.000000E+00, 0.000000E+00, 0.916466E+00, 0.000000E+00, 0.000000E+00, 0.000000E+00, 0.780000E+02, 0.211238E+02, 0.000000E+00, 0.000000E+00, 0.000000E+00, 0.000000E+00, 0.000000E+00, 0.876282E+00, 0.000000E+00, 0.000000E+00, 0.000000E+00, 0.216401E+02, 0.216630E+02, 0.323701E+01, 0.366371E+02,-0.522702E+00, 0.100374E+06, 0.779045E+02, 0.211778E+02, 0.000000E+00, 0.000000E+00, 0.000000E+00, 0.000000E+00, 0.000000E+00, 0.917769E+00, 0.000000E+00, 0.000000E+00, 0.000000E+00, 0.779063E+02, 0.211741E+02, 0.000000E+00, 0.000000E+00, 0.000000E+00, 0.000000E+00, 0.000000E+00, 0.919571E+00, 0.000000E+00, 0.000000E+00, 0.000000E+00, 0.662116E+02, 0.305951E+02, 0.231691E+00, 0.302678E+03, 0.147694E+05, 0.115144E+06, 0.773474E+02, 0.192980E+02, 0.111939E+01, 0.146373E-01, 0.000000E+00, 0.000000E+00, 0.000000E+00, 0.213665E+01, 0.155490E+01, 0.155490E+01, 0.000000E+00, 0.779079E+02, 0.211676E+02, 0.000000E+00, 0.000000E+00, 0.000000E+00, 0.000000E+00, 0.000000E+00, 0.924545E+00, 0.000000E+00, 0.000000E+00, 0.000000E+00, 0.195424E+02, 0.678132E+03,-0.495820E+00, 0.100375E+06, 0.782049E+02, 0.210113E+02, 0.000000E+00, 0.000000E+00, 0.000000E+00, 0.000000E+00, 0.000000E+00, 0.783711E+00, 0.000000E+00, 0.000000E+00, 0.000000E+00, 0.217321E+02, 0.217610E+02, 0.695643E+01, 0.426120E+01,-0.104127E+03, 0.100229E+06, 0.778868E+02, 0.211877E+02, 0.000000E+00, 0.000000E+00, 0.000000E+00, 0.000000E+00, 0.000000E+00, 0.925425E+00, 0.000000E+00, 0.000000E+00, 0.000000E+00, 0.778843E+02, 0.211901E+02, 0.000000E+00, 0.000000E+00, 0.000000E+00, 0.000000E+00, 0.000000E+00, 0.925530E+00, 0.000000E+00, 0.000000E+00, 0.000000E+00, 0.216477E+02, 0.216718E+02, 0.345401E+01, 0.640618E+01,-0.104123E+03, 0.100229E+06, 0.778939E+02, 0.211810E+02, 0.000000E+00, 0.000000E+00, 0.000000E+00, 0.000000E+00, 0.000000E+00, 0.925131E+00, 0.000000E+00, 0.000000E+00, 0.000000E+00, 0.778845E+02, 0.211900E+02, 0.000000E+00, 0.000000E+00, 0.000000E+00, 0.000000E+00, 0.000000E+00, 0.925525E+00, 0.000000E+00, 0.000000E+00, 0.000000E+00, 0.216861E+02, 0.217125E+02, 0.349925E+01, 0.698078E-01,-0.107911E+03, 0.100226E+06, 0.778956E+02, 0.211794E+02, 0.000000E+00, 0.000000E+00, 0.000000E+00, 0.000000E+00, 0.000000E+00, 0.925059E+00, 0.000000E+00, 0.000000E+00, 0.000000E+00, 0.778845E+02, 0.211900E+02, 0.000000E+00, 0.000000E+00, 0.000000E+00, 0.000000E+00, 0.000000E+00, 0.925525E+00, 0.000000E+00, 0.000000E+00, 0.000000E+00, 0.215399E+02, 0.209637E+02, 0.314945E+01, 0.488338E+02, 0.745325E+00, 0.100293E+06, 0.778738E+02, 0.212051E+02, 0.000000E+00, 0.000000E+00, 0.000000E+00, 0.000000E+00, 0.000000E+00, 0.921071E+00, 0.000000E+00, 0.000000E+00, 0.000000E+00, 0.780217E+02, 0.211138E+02, 0.000000E+00, 0.000000E+00, 0.000000E+00, 0.000000E+00, 0.000000E+00, 0.864465E+00, 0.000000E+00, 0.000000E+00, 0.000000E+00, 0.217143E+02, 0.217423E+02, 0.347846E+01, 0.199471E+01, 0.714700E+00, 0.100293E+06, 0.779120E+02, 0.211766E+02, 0.000000E+00, 0.000000E+00, 0.000000E+00, 0.000000E+00, 0.000000E+00, 0.911412E+00, 0.000000E+00, 0.000000E+00, 0.000000E+00, 0.778814E+02, 0.211953E+02, 0.000000E+00, 0.000000E+00, 0.000000E+00, 0.000000E+00, 0.000000E+00, 0.923350E+00, 0.000000E+00, 0.000000E+00, 0.000000E+00, 0.100000E+01, 0.115354E+00, 0.271330E-02, 0.116672E+06, 0.116672E+06, 0.862205E+05, 0.116672E+06, 0.000000E+00, 0.506492E+00, 0.000000E+00, 0.000000E+00, 0.000000E+00, 0.000000E+00, 0.000000E+00, 0.000000E+00, 0.000000E+00, 0.000000E+00, 0.000000E+00, 0.000000E+00, 0.000000E+00, 0.000000E+00, 0.000000E+00, 0.000000E+00, 0.000000E+00, 0.000000E+00, 0.000000E+00, 0.000000E+00, 0.000000E+00, 0.000000E+00, 0.000000E+00, 0.000000E+00, 0.000000E+00, 0.000000E+00, 0.000000E+00, 0.000000E+00, 0.000000E+00, 0.000000E+00, 0.000000E+00, 0.000000E+00, 0.000000E+00, 0.000000E+00, 0.000000E+00, 0.000000E+00, 0.000000E+00, 0.000000E+00                      
 0.470000E+03, 0.186187E+02, 0.247555E+03,-0.301191E+00, 0.100375E+06, 0.783764E+02, 0.209193E+02, 0.000000E+00, 0.000000E+00, 0.000000E+00, 0.000000E+00, 0.000000E+00, 0.704297E+00, 0.000000E+00, 0.000000E+00, 0.000000E+00, 0.214185E+02, 0.211405E+02, 0.347707E+01, 0.224261E+01,-0.463278E+00, 0.100375E+06, 0.778233E+02, 0.212602E+02, 0.000000E+00, 0.000000E+00, 0.000000E+00, 0.000000E+00, 0.000000E+00, 0.916466E+00, 0.000000E+00, 0.000000E+00, 0.000000E+00, 0.780039E+02, 0.211216E+02, 0.000000E+00, 0.000000E+00, 0.000000E+00, 0.000000E+00, 0.000000E+00, 0.874493E+00, 0.000000E+00, 0.000000E+00, 0.000000E+00, 0.216299E+02, 0.216523E+02, 0.323654E+01, 0.367017E+02,-0.521270E+00, 0.100374E+06, 0.779046E+02, 0.211777E+02, 0.000000E+00, 0.000000E+00, 0.000000E+00, 0.000000E+00, 0.000000E+00, 0.917695E+00, 0.000000E+00, 0.000000E+00, 0.000000E+00, 0.779072E+02, 0.211737E+02, 0.000000E+00, 0.000000E+00, 0.000000E+00, 0.000000E+00, 0.000000E+00, 0.919179E+00, 0.000000E+00, 0.000000E+00, 0.000000E+00, 0.652560E+02, 0.303422E+02, 0.222819E+00, 0.303500E+03, 0.145031E+05, 0.114878E+06, 0.773423E+02, 0.192804E+02, 0.112982E+01, 0.147737E-01, 0.000000E+00, 0.000000E+00, 0.000000E+00, 0.214794E+01, 0.157020E+01, 0.157020E+01, 0.000000E+00, 0.779082E+02, 0.211673E+02, 0.000000E+00, 0.000000E+00, 0.000000E+00, 0.000000E+00, 0.000000E+00, 0.924533E+00, 0.000000E+00, 0.000000E+00, 0.000000E+00, 0.195140E+02, 0.678132E+03,-0.493685E+00, 0.100375E+06, 0.782100E+02, 0.210086E+02, 0.000000E+00, 0.000000E+00, 0.000000E+00, 0.000000E+00, 0.000000E+00, 0.781403E+00, 0.000000E+00, 0.000000E+00, 0.000000E+00, 0.217252E+02, 0.217541E+02, 0.695517E+01, 0.438501E+01,-0.106663E+03, 0.100227E+06, 0.778868E+02, 0.211878E+02, 0.000000E+00, 0.000000E+00, 0.000000E+00, 0.000000E+00, 0.000000E+00, 0.925428E+00, 0.000000E+00, 0.000000E+00, 0.000000E+00, 0.778843E+02, 0.211901E+02, 0.000000E+00, 0.000000E+00, 0.000000E+00, 0.000000E+00, 0.000000E+00, 0.925530E+00, 0.000000E+00, 0.000000E+00, 0.000000E+00, 0.216396E+02, 0.216636E+02, 0.345235E+01, 0.663811E+01,-0.106660E+03, 0.100227E+06, 0.778936E+02, 0.211813E+02, 0.000000E+00, 0.000000E+00, 0.000000E+00, 0.000000E+00, 0.000000E+00, 0.925143E+00, 0.000000E+00, 0.000000E+00, 0.000000E+00, 0.778845E+02, 0.211900E+02, 0.000000E+00, 0.000000E+00, 0.000000E+00, 0.000000E+00, 0.000000E+00, 0.925525E+00, 0.000000E+00, 0.000000E+00, 0.000000E+00, 0.216784E+02, 0.217048E+02, 0.349924E+01, 0.707285E-01,-0.110535E+03, 0.100223E+06, 0.778954E+02, 0.211795E+02, 0.000000E+00, 0.000000E+00, 0.000000E+00, 0.000000E+00, 0.000000E+00, 0.925066E+00, 0.000000E+00, 0.000000E+00, 0.000000E+00, 0.778845E+02, 0.211900E+02, 0.000000E+00, 0.000000E+00, 0.000000E+00, 0.000000E+00, 0.000000E+00, 0.925525E+00, 0.000000E+00, 0.000000E+00, 0.000000E+00, 0.215324E+02, 0.209392E+02, 0.314290E+01, 0.497472E+02, 0.741355E+00, 0.100293E+06, 0.778740E+02, 0.212049E+02, 0.000000E+00, 0.000000E+00, 0.000000E+00, 0.000000E+00, 0.000000E+00, 0.921109E+00, 0.000000E+00, 0.000000E+00, 0.000000E+00, 0.780263E+02, 0.211113E+02, 0.000000E+00, 0.000000E+00, 0.000000E+00, 0.000000E+00, 0.000000E+00, 0.862470E+00, 0.000000E+00, 0.000000E+00, 0.000000E+00, 0.217059E+02, 0.217338E+02, 0.347843E+01, 0.199792E+01, 0.710100E+00, 0.100293E+06, 0.779121E+02, 0.211765E+02, 0.000000E+00, 0.000000E+00, 0.000000E+00, 0.000000E+00, 0.000000E+00, 0.911365E+00, 0.000000E+00, 0.000000E+00, 0.000000E+00, 0.778818E+02, 0.211951E+02, 0.000000E+00, 0.000000E+00, 0.000000E+00, 0.000000E+00, 0.000000E+00, 0.923170E+00, 0.000000E+00, 0.000000E+00, 0.000000E+00, 0.100000E+01, 0.108217E+00, 0.259756E-02, 0.111695E+06, 0.111695E+06, 0.825426E+05, 0.111695E+06, 0.000000E+00, 0.479230E+00, 0.000000E+00, 0.000000E+00, 0.000000E+00, 0.000000E+00, 0.000000E+00, 0.000000E+00, 0.000000E+00, 0.000000E+00, 0.000000E+00, 0.000000E+00, 0.000000E+00, 0.000000E+00, 0.000000E+00, 0.000000E+00, 0.000000E+00, 0.000000E+00, 0.000000E+00, 0.000000E+00, 0.000000E+00, 0.000000E+00, 0.000000E+00, 0.000000E+00, 0.000000E+00, 0.000000E+00, 0.000000E+00, 0.000000E+00, 0.000000E+00, 0.000000E+00, 0.000000E+00, 0.000000E+00, 0.000000E+00, 0.000000E+00, 0.000000E+00, 0.000000E+00, 0.000000E+00, 0.000000E+00                      
 0.480000E+03, 0.185952E+02, 0.247555E+03,-0.299704E+00, 0.100375E+06, 0.783828E+02, 0.209158E+02, 0.000000E+00, 0.000000E+00, 0.000000E+00, 0.000000E+00, 0.000000E+00, 0.701404E+00, 0.000000E+00, 0.000000E+00, 0.000000E+00, 0.214107E+02, 0.211182E+02, 0.347707E+01, 0.224255E+01,-0.461637E+00, 0.100375E+06, 0.778233E+02, 0.212602E+02, 0.000000E+00, 0.000000E+00, 0.000000E+00, 0.000000E+00, 0.000000E+00, 0.916466E+00, 0.000000E+00, 0.000000E+00, 0.000000E+00, 0.780078E+02, 0.211195E+02, 0.000000E+00, 0.000000E+00, 0.000000E+00, 0.000000E+00, 0.000000E+00, 0.872696E+00, 0.000000E+00, 0.000000E+00, 0.000000E+00, 0.216198E+02, 0.216415E+02, 0.323612E+01, 0.367602E+02,-0.519871E+00, 0.100374E+06, 0.779048E+02, 0.211776E+02, 0.000000E+00, 0.000000E+00, 0.000000E+00, 0.000000E+00, 0.000000E+00, 0.917625E+00, 0.000000E+00, 0.000000E+00, 0.000000E+00, 0.779080E+02, 0.211732E+02, 0.000000E+00, 0.000000E+00, 0.000000E+00, 0.000000E+00, 0.000000E+00, 0.918775E+00, 0.000000E+00, 0.000000E+00, 0.000000E+00, 0.643054E+02, 0.301003E+02, 0.214498E+00, 0.304270E+03, 0.142347E+05, 0.114610E+06, 0.773375E+02, 0.192636E+02, 0.113981E+01, 0.149044E-01, 0.000000E+00, 0.000000E+00, 0.000000E+00, 0.215875E+01, 0.158485E+01, 0.158485E+01, 0.000000E+00, 0.779084E+02, 0.211670E+02, 0.000000E+00, 0.000000E+00, 0.000000E+00, 0.000000E+00, 0.000000E+00, 0.924521E+00, 0.000000E+00, 0.000000E+00, 0.000000E+00, 0.194865E+02, 0.678132E+03,-0.491613E+00, 0.100375E+06, 0.782150E+02, 0.210059E+02, 0.000000E+00, 0.000000E+00, 0.000000E+00, 0.000000E+00, 0.000000E+00, 0.779135E+00, 0.000000E+00, 0.000000E+00, 0.000000E+00, 0.217183E+02, 0.217472E+02, 0.695390E+01, 0.450886E+01,-0.109191E+03, 0.100224E+06, 0.778867E+02, 0.211879E+02, 0.000000E+00, 0.000000E+00, 0.000000E+00, 0.000000E+00, 0.000000E+00, 0.925431E+00, 0.000000E+00, 0.000000E+00, 0.000000E+00, 0.778843E+02, 0.211901E+02, 0.000000E+00, 0.000000E+00, 0.000000E+00, 0.000000E+00, 0.000000E+00, 0.925530E+00, 0.000000E+00, 0.000000E+00, 0.000000E+00, 0.216315E+02, 0.216554E+02, 0.345067E+01, 0.687219E+01,-0.109187E+03, 0.100224E+06, 0.778933E+02, 0.211815E+02, 0.000000E+00, 0.000000E+00, 0.000000E+00, 0.000000E+00, 0.000000E+00, 0.925155E+00, 0.000000E+00, 0.000000E+00, 0.000000E+00, 0.778845E+02, 0.211900E+02, 0.000000E+00, 0.000000E+00, 0.000000E+00, 0.000000E+00, 0.000000E+00, 0.925525E+00, 0.000000E+00, 0.000000E+00, 0.000000E+00, 0.216708E+02, 0.216971E+02, 0.349923E+01, 0.716448E-01,-0.113148E+03, 0.100220E+06, 0.778953E+02, 0.211796E+02, 0.000000E+00, 0.000000E+00, 0.000000E+00, 0.000000E+00, 0.000000E+00, 0.925072E+00, 0.000000E+00, 0.000000E+00, 0.000000E+00, 0.778845E+02, 0.211900E+02, 0.000000E+00, 0.000000E+00, 0.000000E+00, 0.000000E+00, 0.000000E+00, 0.925525E+00, 0.000000E+00, 0.000000E+00, 0.000000E+00, 0.215249E+02, 0.209151E+02, 0.313627E+01, 0.506709E+02, 0.737535E+00, 0.100293E+06, 0.778741E+02, 0.212047E+02, 0.000000E+00, 0.000000E+00, 0.000000E+00, 0.000000E+00, 0.000000E+00, 0.921144E+00, 0.000000E+00, 0.000000E+00, 0.000000E+00, 0.780308E+02, 0.211087E+02, 0.000000E+00, 0.000000E+00, 0.000000E+00, 0.000000E+00, 0.000000E+00, 0.860468E+00, 0.000000E+00, 0.000000E+00, 0.000000E+00, 0.216975E+02, 0.217252E+02, 0.347839E+01, 0.200087E+01, 0.705664E+00, 0.100293E+06, 0.779122E+02, 0.211765E+02, 0.000000E+00, 0.000000E+00, 0.000000E+00, 0.000000E+00, 0.000000E+00, 0.911322E+00, 0.000000E+00, 0.000000E+00, 0.000000E+00, 0.778822E+02, 0.211948E+02, 0.000000E+00, 0.000000E+00, 0.000000E+00, 0.000000E+00, 0.000000E+00, 0.922984E+00, 0.000000E+00, 0.000000E+00, 0.000000E+00, 0.100000E+01, 0.101659E+00, 0.248675E-02, 0.106930E+06, 0.106930E+06, 0.790216E+05, 0.106930E+06, 0.000000E+00, 0.452440E+00, 0.000000E+00, 0.000000E+00, 0.000000E+00, 0.000000E+00, 0.000000E+00, 0.000000E+00, 0.000000E+00, 0.000000E+00, 0.000000E+00, 0.000000E+00, 0.000000E+00, 0.000000E+00, 0.000000E+00, 0.000000E+00, 0.000000E+00, 0.000000E+00, 0.000000E+00, 0.000000E+00, 0.000000E+00, 0.000000E+00, 0.000000E+00, 0.000000E+00, 0.000000E+00, 0.000000E+00, 0.000000E+00, 0.000000E+00, 0.000000E+00, 0.000000E+00, 0.000000E+00, 0.000000E+00, 0.000000E+00, 0.000000E+00, 0.000000E+00, 0.000000E+00, 0.000000E+00, 0.000000E+00                      
 0.490000E+03, 0.185728E+02, 0.247555E+03,-0.298282E+00, 0.100375E+06, 0.783891E+02, 0.209124E+02, 0.000000E+00, 0.000000E+00, 0.000000E+00, 0.000000E+00, 0.000000E+00, 0.698574E+00, 0.000000E+00, 0.000000E+00, 0.000000E+00, 0.214029E+02, 0.210962E+02, 0.347707E+01, 0.224250E+01,-0.460028E+00, 0.100375E+06, 0.778233E+02, 0.212602E+02, 0.000000E+00, 0.000000E+00, 0.000000E+00, 0.000000E+00, 0.000000E+00, 0.916466E+00, 0.000000E+00, 0.000000E+00, 0.000000E+00, 0.780118E+02, 0.211174E+02, 0.000000E+00, 0.000000E+00, 0.000000E+00, 0.000000E+00, 0.000000E+00, 0.870892E+00, 0.000000E+00, 0.000000E+00, 0.000000E+00, 0.216096E+02, 0.216308E+02, 0.323574E+01, 0.368131E+02,-0.518504E+00, 0.100374E+06, 0.779049E+02, 0.211775E+02, 0.000000E+00, 0.000000E+00, 0.000000E+00, 0.000000E+00, 0.000000E+00, 0.917559E+00, 0.000000E+00, 0.000000E+00, 0.000000E+00, 0.779089E+02, 0.211727E+02, 0.000000E+00, 0.000000E+00, 0.000000E+00, 0.000000E+00, 0.000000E+00, 0.918357E+00, 0.000000E+00, 0.000000E+00, 0.000000E+00, 0.633615E+02, 0.298685E+02, 0.206680E+00, 0.304994E+03, 0.139652E+05, 0.114340E+06, 0.773328E+02, 0.192475E+02, 0.114938E+01, 0.150294E-01, 0.000000E+00, 0.000000E+00, 0.000000E+00, 0.216910E+01, 0.159887E+01, 0.159887E+01, 0.000000E+00, 0.779087E+02, 0.211668E+02, 0.000000E+00, 0.000000E+00, 0.000000E+00, 0.000000E+00, 0.000000E+00, 0.924510E+00, 0.000000E+00, 0.000000E+00, 0.000000E+00, 0.194599E+02, 0.678132E+03,-0.489603E+00, 0.100375E+06, 0.782199E+02, 0.210032E+02, 0.000000E+00, 0.000000E+00, 0.000000E+00, 0.000000E+00, 0.000000E+00, 0.776908E+00, 0.000000E+00, 0.000000E+00, 0.000000E+00, 0.217115E+02, 0.217403E+02, 0.695263E+01, 0.463273E+01,-0.111708E+03, 0.100222E+06, 0.778867E+02, 0.211879E+02, 0.000000E+00, 0.000000E+00, 0.000000E+00, 0.000000E+00, 0.000000E+00, 0.925433E+00, 0.000000E+00, 0.000000E+00, 0.000000E+00, 0.778843E+02, 0.211901E+02, 0.000000E+00, 0.000000E+00, 0.000000E+00, 0.000000E+00, 0.000000E+00, 0.925530E+00, 0.000000E+00, 0.000000E+00, 0.000000E+00, 0.216235E+02, 0.216473E+02, 0.344897E+01, 0.710835E+01,-0.111704E+03, 0.100222E+06, 0.778930E+02, 0.211818E+02, 0.000000E+00, 0.000000E+00, 0.000000E+00, 0.000000E+00, 0.000000E+00, 0.925166E+00, 0.000000E+00, 0.000000E+00, 0.000000E+00, 0.778845E+02, 0.211900E+02, 0.000000E+00, 0.000000E+00, 0.000000E+00, 0.000000E+00, 0.000000E+00, 0.925525E+00, 0.000000E+00, 0.000000E+00, 0.000000E+00, 0.216632E+02, 0.216895E+02, 0.349922E+01, 0.725567E-01,-0.115750E+03, 0.100218E+06, 0.778951E+02, 0.211798E+02, 0.000000E+00, 0.000000E+00, 0.000000E+00, 0.000000E+00, 0.000000E+00, 0.925078E+00, 0.000000E+00, 0.000000E+00, 0.000000E+00, 0.778845E+02, 0.211900E+02, 0.000000E+00, 0.000000E+00, 0.000000E+00, 0.000000E+00, 0.000000E+00, 0.925525E+00, 0.000000E+00, 0.000000E+00, 0.000000E+00, 0.215175E+02, 0.208914E+02, 0.312956E+01, 0.516044E+02, 0.733858E+00, 0.100293E+06, 0.778743E+02, 0.212045E+02, 0.000000E+00, 0.000000E+00, 0.000000E+00, 0.000000E+00, 0.000000E+00, 0.921174E+00, 0.000000E+00, 0.000000E+00, 0.000000E+00, 0.780353E+02, 0.211062E+02, 0.000000E+00, 0.000000E+00, 0.000000E+00, 0.000000E+00, 0.000000E+00, 0.858460E+00, 0.000000E+00, 0.000000E+00, 0.000000E+00, 0.216890E+02, 0.217167E+02, 0.347837E+01, 0.200360E+01, 0.701387E+00, 0.100293E+06, 0.779123E+02, 0.211765E+02, 0.000000E+00, 0.000000E+00, 0.000000E+00, 0.000000E+00, 0.000000E+00, 0.911283E+00, 0.000000E+00, 0.000000E+00, 0.000000E+00, 0.778827E+02, 0.211945E+02, 0.000000E+00, 0.000000E+00, 0.000000E+00, 0.000000E+00, 0.000000E+00, 0.922790E+00, 0.000000E+00, 0.000000E+00, 0.000000E+00, 0.100000E+01, 0.956307E-01, 0.238068E-02, 0.102369E+06, 0.102369E+06, 0.756508E+05, 0.102369E+06, 0.000000E+00, 0.426113E+00, 0.000000E+00, 0.000000E+00, 0.000000E+00, 0.000000E+00, 0.000000E+00, 0.000000E+00, 0.000000E+00, 0.000000E+00, 0.000000E+00, 0.000000E+00, 0.000000E+00, 0.000000E+00, 0.000000E+00, 0.000000E+00, 0.000000E+00, 0.000000E+00, 0.000000E+00, 0.000000E+00, 0.000000E+00, 0.000000E+00, 0.000000E+00, 0.000000E+00, 0.000000E+00, 0.000000E+00, 0.000000E+00, 0.000000E+00, 0.000000E+00, 0.000000E+00, 0.000000E+00, 0.000000E+00, 0.000000E+00, 0.000000E+00, 0.000000E+00, 0.000000E+00, 0.000000E+00, 0.000000E+00                      
 0.500000E+03, 0.185514E+02, 0.247555E+03,-0.296920E+00, 0.100375E+06, 0.783952E+02, 0.209090E+02, 0.000000E+00, 0.000000E+00, 0.000000E+00, 0.000000E+00, 0.000000E+00, 0.695805E+00, 0.000000E+00, 0.000000E+00, 0.000000E+00, 0.213952E+02, 0.210746E+02, 0.347707E+01, 0.224244E+01,-0.458453E+00, 0.100375E+06, 0.778233E+02, 0.212602E+02, 0.000000E+00, 0.000000E+00, 0.000000E+00, 0.000000E+00, 0.000000E+00, 0.916466E+00, 0.000000E+00, 0.000000E+00, 0.000000E+00, 0.780157E+02, 0.211152E+02, 0.000000E+00, 0.000000E+00, 0.000000E+00, 0.000000E+00, 0.000000E+00, 0.869081E+00, 0.000000E+00, 0.000000E+00, 0.000000E+00, 0.215995E+02, 0.216201E+02, 0.323540E+01, 0.368612E+02,-0.517168E+00, 0.100374E+06, 0.779050E+02, 0.211775E+02, 0.000000E+00, 0.000000E+00, 0.000000E+00, 0.000000E+00, 0.000000E+00, 0.917498E+00, 0.000000E+00, 0.000000E+00, 0.000000E+00, 0.779099E+02, 0.211722E+02, 0.000000E+00, 0.000000E+00, 0.000000E+00, 0.000000E+00, 0.000000E+00, 0.917927E+00, 0.000000E+00, 0.000000E+00, 0.000000E+00, 0.624261E+02, 0.296465E+02, 0.199325E+00, 0.305676E+03, 0.136953E+05, 0.114070E+06, 0.773284E+02, 0.192321E+02, 0.115853E+01, 0.151492E-01, 0.000000E+00, 0.000000E+00, 0.000000E+00, 0.217901E+01, 0.161230E+01, 0.161230E+01, 0.000000E+00, 0.779090E+02, 0.211665E+02, 0.000000E+00, 0.000000E+00, 0.000000E+00, 0.000000E+00, 0.000000E+00, 0.924499E+00, 0.000000E+00, 0.000000E+00, 0.000000E+00, 0.194341E+02, 0.678132E+03,-0.487651E+00, 0.100375E+06, 0.782247E+02, 0.210006E+02, 0.000000E+00, 0.000000E+00, 0.000000E+00, 0.000000E+00, 0.000000E+00, 0.774719E+00, 0.000000E+00, 0.000000E+00, 0.000000E+00, 0.217046E+02, 0.217334E+02, 0.695137E+01, 0.475660E+01,-0.114215E+03, 0.100219E+06, 0.778866E+02, 0.211880E+02, 0.000000E+00, 0.000000E+00, 0.000000E+00, 0.000000E+00, 0.000000E+00, 0.925436E+00, 0.000000E+00, 0.000000E+00, 0.000000E+00, 0.778843E+02, 0.211901E+02, 0.000000E+00, 0.000000E+00, 0.000000E+00, 0.000000E+00, 0.000000E+00, 0.925530E+00, 0.000000E+00, 0.000000E+00, 0.000000E+00, 0.216156E+02, 0.216392E+02, 0.344726E+01, 0.734648E+01,-0.114211E+03, 0.100219E+06, 0.778928E+02, 0.211820E+02, 0.000000E+00, 0.000000E+00, 0.000000E+00, 0.000000E+00, 0.000000E+00, 0.925176E+00, 0.000000E+00, 0.000000E+00, 0.000000E+00, 0.778845E+02, 0.211900E+02, 0.000000E+00, 0.000000E+00, 0.000000E+00, 0.000000E+00, 0.000000E+00, 0.925525E+00, 0.000000E+00, 0.000000E+00, 0.000000E+00, 0.216557E+02, 0.216819E+02, 0.349921E+01, 0.734639E-01,-0.118340E+03, 0.100215E+06, 0.778950E+02, 0.211799E+02, 0.000000E+00, 0.000000E+00, 0.000000E+00, 0.000000E+00, 0.000000E+00, 0.925084E+00, 0.000000E+00, 0.000000E+00, 0.000000E+00, 0.778845E+02, 0.211900E+02, 0.000000E+00, 0.000000E+00, 0.000000E+00, 0.000000E+00, 0.000000E+00, 0.925525E+00, 0.000000E+00, 0.000000E+00, 0.000000E+00, 0.215101E+02, 0.208680E+02, 0.312279E+01, 0.525475E+02, 0.730317E+00, 0.100293E+06, 0.778745E+02, 0.212043E+02, 0.000000E+00, 0.000000E+00, 0.000000E+00, 0.000000E+00, 0.000000E+00, 0.921199E+00, 0.000000E+00, 0.000000E+00, 0.000000E+00, 0.780399E+02, 0.211037E+02, 0.000000E+00, 0.000000E+00, 0.000000E+00, 0.000000E+00, 0.000000E+00, 0.856447E+00, 0.000000E+00, 0.000000E+00, 0.000000E+00, 0.216806E+02, 0.217081E+02, 0.347834E+01, 0.200613E+01, 0.697261E+00, 0.100293E+06, 0.779123E+02, 0.211764E+02, 0.000000E+00, 0.000000E+00, 0.000000E+00, 0.000000E+00, 0.000000E+00, 0.911246E+00, 0.000000E+00, 0.000000E+00, 0.000000E+00, 0.778832E+02, 0.211943E+02, 0.000000E+00, 0.000000E+00, 0.000000E+00, 0.000000E+00, 0.000000E+00, 0.922589E+00, 0.000000E+00, 0.000000E+00, 0.000000E+00, 0.100000E+01, 0.900891E-01, 0.227913E-02, 0.980024E+05, 0.980024E+05, 0.724238E+05, 0.980024E+05, 0.000000E+00, 0.400241E+00, 0.000000E+00, 0.000000E+00, 0.000000E+00, 0.000000E+00, 0.000000E+00, 0.000000E+00, 0.000000E+00, 0.000000E+00, 0.000000E+00, 0.000000E+00, 0.000000E+00, 0.000000E+00, 0.000000E+00, 0.000000E+00, 0.000000E+00, 0.000000E+00, 0.000000E+00, 0.000000E+00, 0.000000E+00, 0.000000E+00, 0.000000E+00, 0.000000E+00, 0.000000E+00, 0.000000E+00, 0.000000E+00, 0.000000E+00, 0.000000E+00, 0.000000E+00, 0.000000E+00, 0.000000E+00, 0.000000E+00, 0.000000E+00, 0.000000E+00, 0.000000E+00, 0.000000E+00, 0.000000E+00                      
 0.510000E+03, 0.185309E+02, 0.247555E+03,-0.295617E+00, 0.100375E+06, 0.784012E+02, 0.209057E+02, 0.000000E+00, 0.000000E+00, 0.000000E+00, 0.000000E+00, 0.000000E+00, 0.693096E+00, 0.000000E+00, 0.000000E+00, 0.000000E+00, 0.213876E+02, 0.210532E+02, 0.347707E+01, 0.224238E+01,-0.456910E+00, 0.100375E+06, 0.778233E+02, 0.212602E+02, 0.000000E+00, 0.000000E+00, 0.000000E+00, 0.000000E+00, 0.000000E+00, 0.916466E+00, 0.000000E+00, 0.000000E+00, 0.000000E+00, 0.780197E+02, 0.211130E+02, 0.000000E+00, 0.000000E+00, 0.000000E+00, 0.000000E+00, 0.000000E+00, 0.867264E+00, 0.000000E+00, 0.000000E+00, 0.000000E+00, 0.215894E+02, 0.216095E+02, 0.323508E+01, 0.369049E+02,-0.515862E+00, 0.100374E+06, 0.779051E+02, 0.211774E+02, 0.000000E+00, 0.000000E+00, 0.000000E+00, 0.000000E+00, 0.000000E+00, 0.917439E+00, 0.000000E+00, 0.000000E+00, 0.000000E+00, 0.779108E+02, 0.211717E+02, 0.000000E+00, 0.000000E+00, 0.000000E+00, 0.000000E+00, 0.000000E+00, 0.917484E+00, 0.000000E+00, 0.000000E+00, 0.000000E+00, 0.615005E+02, 0.294344E+02, 0.192393E+00, 0.306318E+03, 0.134257E+05, 0.113801E+06, 0.773241E+02, 0.192173E+02, 0.116730E+01, 0.152638E-01, 0.000000E+00, 0.000000E+00, 0.000000E+00, 0.218849E+01, 0.162516E+01, 0.162516E+01, 0.000000E+00, 0.779092E+02, 0.211663E+02, 0.000000E+00, 0.000000E+00, 0.000000E+00, 0.000000E+00, 0.000000E+00, 0.924489E+00, 0.000000E+00, 0.000000E+00, 0.000000E+00, 0.194091E+02, 0.678132E+03,-0.485756E+00, 0.100375E+06, 0.782295E+02, 0.209980E+02, 0.000000E+00, 0.000000E+00, 0.000000E+00, 0.000000E+00, 0.000000E+00, 0.772568E+00, 0.000000E+00, 0.000000E+00, 0.000000E+00, 0.216978E+02, 0.217266E+02, 0.695010E+01, 0.488045E+01,-0.116711E+03, 0.100217E+06, 0.778865E+02, 0.211880E+02, 0.000000E+00, 0.000000E+00, 0.000000E+00, 0.000000E+00, 0.000000E+00, 0.925438E+00, 0.000000E+00, 0.000000E+00, 0.000000E+00, 0.778843E+02, 0.211901E+02, 0.000000E+00, 0.000000E+00, 0.000000E+00, 0.000000E+00, 0.000000E+00, 0.925530E+00, 0.000000E+00, 0.000000E+00, 0.000000E+00, 0.216077E+02, 0.216312E+02, 0.344554E+01, 0.758652E+01,-0.116707E+03, 0.100217E+06, 0.778926E+02, 0.211823E+02, 0.000000E+00, 0.000000E+00, 0.000000E+00, 0.000000E+00, 0.000000E+00, 0.925186E+00, 0.000000E+00, 0.000000E+00, 0.000000E+00, 0.778845E+02, 0.211900E+02, 0.000000E+00, 0.000000E+00, 0.000000E+00, 0.000000E+00, 0.000000E+00, 0.925525E+00, 0.000000E+00, 0.000000E+00, 0.000000E+00, 0.216482E+02, 0.216743E+02, 0.349920E+01, 0.743665E-01,-0.120918E+03, 0.100213E+06, 0.778949E+02, 0.211800E+02, 0.000000E+00, 0.000000E+00, 0.000000E+00, 0.000000E+00, 0.000000E+00, 0.925089E+00, 0.000000E+00, 0.000000E+00, 0.000000E+00, 0.778845E+02, 0.211900E+02, 0.000000E+00, 0.000000E+00, 0.000000E+00, 0.000000E+00, 0.000000E+00, 0.925525E+00, 0.000000E+00, 0.000000E+00, 0.000000E+00, 0.215028E+02, 0.208450E+02, 0.311596E+01, 0.534997E+02, 0.726906E+00, 0.100293E+06, 0.778747E+02, 0.212041E+02, 0.000000E+00, 0.000000E+00, 0.000000E+00, 0.000000E+00, 0.000000E+00, 0.921221E+00, 0.000000E+00, 0.000000E+00, 0.000000E+00, 0.780444E+02, 0.211011E+02, 0.000000E+00, 0.000000E+00, 0.000000E+00, 0.000000E+00, 0.000000E+00, 0.854431E+00, 0.000000E+00, 0.000000E+00, 0.000000E+00, 0.216721E+02, 0.216995E+02, 0.347831E+01, 0.200849E+01, 0.693281E+00, 0.100293E+06, 0.779124E+02, 0.211764E+02, 0.000000E+00, 0.000000E+00, 0.000000E+00, 0.000000E+00, 0.000000E+00, 0.911213E+00, 0.000000E+00, 0.000000E+00, 0.000000E+00, 0.778837E+02, 0.211940E+02, 0.000000E+00, 0.000000E+00, 0.000000E+00, 0.000000E+00, 0.000000E+00, 0.922380E+00, 0.000000E+00, 0.000000E+00, 0.000000E+00, 0.100000E+01, 0.849963E-01, 0.218191E-02, 0.938220E+05, 0.938220E+05, 0.693344E+05, 0.938220E+05, 0.000000E+00, 0.374816E+00, 0.000000E+00, 0.000000E+00, 0.000000E+00, 0.000000E+00, 0.000000E+00, 0.000000E+00, 0.000000E+00, 0.000000E+00, 0.000000E+00, 0.000000E+00, 0.000000E+00, 0.000000E+00, 0.000000E+00, 0.000000E+00, 0.000000E+00, 0.000000E+00, 0.000000E+00, 0.000000E+00, 0.000000E+00, 0.000000E+00, 0.000000E+00, 0.000000E+00, 0.000000E+00, 0.000000E+00, 0.000000E+00, 0.000000E+00, 0.000000E+00, 0.000000E+00, 0.000000E+00, 0.000000E+00, 0.000000E+00, 0.000000E+00, 0.000000E+00, 0.000000E+00, 0.000000E+00, 0.000000E+00                      
 0.520000E+03, 0.185113E+02, 0.247555E+03,-0.294368E+00, 0.100375E+06, 0.784071E+02, 0.209024E+02, 0.000000E+00, 0.000000E+00, 0.000000E+00, 0.000000E+00, 0.000000E+00, 0.690444E+00, 0.000000E+00, 0.000000E+00, 0.000000E+00, 0.213800E+02, 0.210322E+02, 0.347707E+01, 0.224232E+01,-0.455398E+00, 0.100375E+06, 0.778233E+02, 0.212602E+02, 0.000000E+00, 0.000000E+00, 0.000000E+00, 0.000000E+00, 0.000000E+00, 0.916466E+00, 0.000000E+00, 0.000000E+00, 0.000000E+00, 0.780237E+02, 0.211109E+02, 0.000000E+00, 0.000000E+00, 0.000000E+00, 0.000000E+00, 0.000000E+00, 0.865442E+00, 0.000000E+00, 0.000000E+00, 0.000000E+00, 0.215793E+02, 0.215988E+02, 0.323480E+01, 0.369448E+02,-0.514585E+00, 0.100374E+06, 0.779053E+02, 0.211774E+02, 0.000000E+00, 0.000000E+00, 0.000000E+00, 0.000000E+00, 0.000000E+00, 0.917384E+00, 0.000000E+00, 0.000000E+00, 0.000000E+00, 0.779118E+02, 0.211711E+02, 0.000000E+00, 0.000000E+00, 0.000000E+00, 0.000000E+00, 0.000000E+00, 0.917030E+00, 0.000000E+00, 0.000000E+00, 0.000000E+00, 0.605861E+02, 0.292318E+02, 0.185848E+00, 0.306924E+03, 0.131571E+05, 0.113532E+06, 0.773201E+02, 0.192031E+02, 0.117569E+01, 0.153734E-01, 0.000000E+00, 0.000000E+00, 0.000000E+00, 0.219757E+01, 0.163746E+01, 0.163746E+01, 0.000000E+00, 0.779095E+02, 0.211661E+02, 0.000000E+00, 0.000000E+00, 0.000000E+00, 0.000000E+00, 0.000000E+00, 0.924479E+00, 0.000000E+00, 0.000000E+00, 0.000000E+00, 0.193849E+02, 0.678132E+03,-0.483916E+00, 0.100375E+06, 0.782341E+02, 0.209954E+02, 0.000000E+00, 0.000000E+00, 0.000000E+00, 0.000000E+00, 0.000000E+00, 0.770454E+00, 0.000000E+00, 0.000000E+00, 0.000000E+00, 0.216910E+02, 0.217197E+02, 0.694884E+01, 0.500427E+01,-0.119196E+03, 0.100214E+06, 0.778865E+02, 0.211881E+02, 0.000000E+00, 0.000000E+00, 0.000000E+00, 0.000000E+00, 0.000000E+00, 0.925440E+00, 0.000000E+00, 0.000000E+00, 0.000000E+00, 0.778843E+02, 0.211901E+02, 0.000000E+00, 0.000000E+00, 0.000000E+00, 0.000000E+00, 0.000000E+00, 0.925530E+00, 0.000000E+00, 0.000000E+00, 0.000000E+00, 0.215999E+02, 0.216233E+02, 0.344380E+01, 0.782839E+01,-0.119192E+03, 0.100214E+06, 0.778923E+02, 0.211825E+02, 0.000000E+00, 0.000000E+00, 0.000000E+00, 0.000000E+00, 0.000000E+00, 0.925196E+00, 0.000000E+00, 0.000000E+00, 0.000000E+00, 0.778845E+02, 0.211900E+02, 0.000000E+00, 0.000000E+00, 0.000000E+00, 0.000000E+00, 0.000000E+00, 0.925525E+00, 0.000000E+00, 0.000000E+00, 0.000000E+00, 0.216407E+02, 0.216667E+02, 0.349919E+01, 0.752643E-01,-0.123483E+03, 0.100210E+06, 0.778947E+02, 0.211802E+02, 0.000000E+00, 0.000000E+00, 0.000000E+00, 0.000000E+00, 0.000000E+00, 0.925095E+00, 0.000000E+00, 0.000000E+00, 0.000000E+00, 0.778845E+02, 0.211900E+02, 0.000000E+00, 0.000000E+00, 0.000000E+00, 0.000000E+00, 0.000000E+00, 0.925525E+00, 0.000000E+00, 0.000000E+00, 0.000000E+00, 0.214955E+02, 0.208224E+02, 0.310906E+01, 0.544607E+02, 0.723619E+00, 0.100293E+06, 0.778749E+02, 0.212039E+02, 0.000000E+00, 0.000000E+00, 0.000000E+00, 0.000000E+00, 0.000000E+00, 0.921238E+00, 0.000000E+00, 0.000000E+00, 0.000000E+00, 0.780490E+02, 0.210986E+02, 0.000000E+00, 0.000000E+00, 0.000000E+00, 0.000000E+00, 0.000000E+00, 0.852412E+00, 0.000000E+00, 0.000000E+00, 0.000000E+00, 0.216637E+02, 0.216909E+02, 0.347829E+01, 0.201069E+01, 0.689440E+00, 0.100293E+06, 0.779125E+02, 0.211763E+02, 0.000000E+00, 0.000000E+00, 0.000000E+00, 0.000000E+00, 0.000000E+00, 0.911182E+00, 0.000000E+00, 0.000000E+00, 0.000000E+00, 0.778842E+02, 0.211937E+02, 0.000000E+00, 0.000000E+00, 0.000000E+00, 0.000000E+00, 0.000000E+00, 0.922164E+00, 0.000000E+00, 0.000000E+00, 0.000000E+00, 0.100000E+01, 0.803193E-01, 0.208883E-02, 0.898199E+05, 0.898199E+05, 0.663769E+05, 0.898199E+05, 0.000000E+00, 0.349830E+00, 0.000000E+00, 0.000000E+00, 0.000000E+00, 0.000000E+00, 0.000000E+00, 0.000000E+00, 0.000000E+00, 0.000000E+00, 0.000000E+00, 0.000000E+00, 0.000000E+00, 0.000000E+00, 0.000000E+00, 0.000000E+00, 0.000000E+00, 0.000000E+00, 0.000000E+00, 0.000000E+00, 0.000000E+00, 0.000000E+00, 0.000000E+00, 0.000000E+00, 0.000000E+00, 0.000000E+00, 0.000000E+00, 0.000000E+00, 0.000000E+00, 0.000000E+00, 0.000000E+00, 0.000000E+00, 0.000000E+00, 0.000000E+00, 0.000000E+00, 0.000000E+00, 0.000000E+00, 0.000000E+00                      
 0.530000E+03, 0.184925E+02, 0.247555E+03,-0.293172E+00, 0.100375E+06, 0.784129E+02, 0.208993E+02, 0.000000E+00, 0.000000E+00, 0.000000E+00, 0.000000E+00, 0.000000E+00, 0.687848E+00, 0.000000E+00, 0.000000E+00, 0.000000E+00, 0.213725E+02, 0.210115E+02, 0.347707E+01, 0.224226E+01,-0.453919E+00, 0.100375E+06, 0.778233E+02, 0.212602E+02, 0.000000E+00, 0.000000E+00, 0.000000E+00, 0.000000E+00, 0.000000E+00, 0.916466E+00, 0.000000E+00, 0.000000E+00, 0.000000E+00, 0.780277E+02, 0.211087E+02, 0.000000E+00, 0.000000E+00, 0.000000E+00, 0.000000E+00, 0.000000E+00, 0.863615E+00, 0.000000E+00, 0.000000E+00, 0.000000E+00, 0.215692E+02, 0.215882E+02, 0.323454E+01, 0.369812E+02,-0.513336E+00, 0.100374E+06, 0.779054E+02, 0.211773E+02, 0.000000E+00, 0.000000E+00, 0.000000E+00, 0.000000E+00, 0.000000E+00, 0.917331E+00, 0.000000E+00, 0.000000E+00, 0.000000E+00, 0.779129E+02, 0.211706E+02, 0.000000E+00, 0.000000E+00, 0.000000E+00, 0.000000E+00, 0.000000E+00, 0.916563E+00, 0.000000E+00, 0.000000E+00, 0.000000E+00, 0.596837E+02, 0.290383E+02, 0.179658E+00, 0.307497E+03, 0.128900E+05, 0.113265E+06, 0.773162E+02, 0.191896E+02, 0.118371E+01, 0.154784E-01, 0.000000E+00, 0.000000E+00, 0.000000E+00, 0.220625E+01, 0.164923E+01, 0.164923E+01, 0.000000E+00, 0.779097E+02, 0.211659E+02, 0.000000E+00, 0.000000E+00, 0.000000E+00, 0.000000E+00, 0.000000E+00, 0.924470E+00, 0.000000E+00, 0.000000E+00, 0.000000E+00, 0.193614E+02, 0.678132E+03,-0.482129E+00, 0.100375E+06, 0.782387E+02, 0.209929E+02, 0.000000E+00, 0.000000E+00, 0.000000E+00, 0.000000E+00, 0.000000E+00, 0.768377E+00, 0.000000E+00, 0.000000E+00, 0.000000E+00, 0.216842E+02, 0.217129E+02, 0.694757E+01, 0.512803E+01,-0.121670E+03, 0.100212E+06, 0.778864E+02, 0.211881E+02, 0.000000E+00, 0.000000E+00, 0.000000E+00, 0.000000E+00, 0.000000E+00, 0.925442E+00, 0.000000E+00, 0.000000E+00, 0.000000E+00, 0.778843E+02, 0.211901E+02, 0.000000E+00, 0.000000E+00, 0.000000E+00, 0.000000E+00, 0.000000E+00, 0.925530E+00, 0.000000E+00, 0.000000E+00, 0.000000E+00, 0.215921E+02, 0.216154E+02, 0.344206E+01, 0.807200E+01,-0.121667E+03, 0.100212E+06, 0.778921E+02, 0.211827E+02, 0.000000E+00, 0.000000E+00, 0.000000E+00, 0.000000E+00, 0.000000E+00, 0.925205E+00, 0.000000E+00, 0.000000E+00, 0.000000E+00, 0.778845E+02, 0.211900E+02, 0.000000E+00, 0.000000E+00, 0.000000E+00, 0.000000E+00, 0.000000E+00, 0.925525E+00, 0.000000E+00, 0.000000E+00, 0.000000E+00, 0.216332E+02, 0.216592E+02, 0.349918E+01, 0.761572E-01,-0.126036E+03, 0.100207E+06, 0.778946E+02, 0.211803E+02, 0.000000E+00, 0.000000E+00, 0.000000E+00, 0.000000E+00, 0.000000E+00, 0.925100E+00, 0.000000E+00, 0.000000E+00, 0.000000E+00, 0.778845E+02, 0.211900E+02, 0.000000E+00, 0.000000E+00, 0.000000E+00, 0.000000E+00, 0.000000E+00, 0.925525E+00, 0.000000E+00, 0.000000E+00, 0.000000E+00, 0.214882E+02, 0.208001E+02, 0.310210E+01, 0.554303E+02, 0.720451E+00, 0.100293E+06, 0.778750E+02, 0.212037E+02, 0.000000E+00, 0.000000E+00, 0.000000E+00, 0.000000E+00, 0.000000E+00, 0.921251E+00, 0.000000E+00, 0.000000E+00, 0.000000E+00, 0.780536E+02, 0.210960E+02, 0.000000E+00, 0.000000E+00, 0.000000E+00, 0.000000E+00, 0.000000E+00, 0.850390E+00, 0.000000E+00, 0.000000E+00, 0.000000E+00, 0.216552E+02, 0.216823E+02, 0.347827E+01, 0.201276E+01, 0.685733E+00, 0.100293E+06, 0.779125E+02, 0.211763E+02, 0.000000E+00, 0.000000E+00, 0.000000E+00, 0.000000E+00, 0.000000E+00, 0.911153E+00, 0.000000E+00, 0.000000E+00, 0.000000E+00, 0.778847E+02, 0.211934E+02, 0.000000E+00, 0.000000E+00, 0.000000E+00, 0.000000E+00, 0.000000E+00, 0.921941E+00, 0.000000E+00, 0.000000E+00, 0.000000E+00, 0.100000E+01, 0.760293E-01, 0.199973E-02, 0.859884E+05, 0.859884E+05, 0.635455E+05, 0.859884E+05, 0.000000E+00, 0.325277E+00, 0.000000E+00, 0.000000E+00, 0.000000E+00, 0.000000E+00, 0.000000E+00, 0.000000E+00, 0.000000E+00, 0.000000E+00, 0.000000E+00, 0.000000E+00, 0.000000E+00, 0.000000E+00, 0.000000E+00, 0.000000E+00, 0.000000E+00, 0.000000E+00, 0.000000E+00, 0.000000E+00, 0.000000E+00, 0.000000E+00, 0.000000E+00, 0.000000E+00, 0.000000E+00, 0.000000E+00, 0.000000E+00, 0.000000E+00, 0.000000E+00, 0.000000E+00, 0.000000E+00, 0.000000E+00, 0.000000E+00, 0.000000E+00, 0.000000E+00, 0.000000E+00, 0.000000E+00, 0.000000E+00                      
 0.540000E+03, 0.184746E+02, 0.247555E+03,-0.292024E+00, 0.100375E+06, 0.784185E+02, 0.208962E+02, 0.000000E+00, 0.000000E+00, 0.000000E+00, 0.000000E+00, 0.000000E+00, 0.685306E+00, 0.000000E+00, 0.000000E+00, 0.000000E+00, 0.213650E+02, 0.209912E+02, 0.347708E+01, 0.224221E+01,-0.452470E+00, 0.100375E+06, 0.778233E+02, 0.212602E+02, 0.000000E+00, 0.000000E+00, 0.000000E+00, 0.000000E+00, 0.000000E+00, 0.916466E+00, 0.000000E+00, 0.000000E+00, 0.000000E+00, 0.780317E+02, 0.211065E+02, 0.000000E+00, 0.000000E+00, 0.000000E+00, 0.000000E+00, 0.000000E+00, 0.861784E+00, 0.000000E+00, 0.000000E+00, 0.000000E+00, 0.215591E+02, 0.215776E+02, 0.323430E+01, 0.370145E+02,-0.512115E+00, 0.100374E+06, 0.779055E+02, 0.211772E+02, 0.000000E+00, 0.000000E+00, 0.000000E+00, 0.000000E+00, 0.000000E+00, 0.917282E+00, 0.000000E+00, 0.000000E+00, 0.000000E+00, 0.779139E+02, 0.211700E+02, 0.000000E+00, 0.000000E+00, 0.000000E+00, 0.000000E+00, 0.000000E+00, 0.916084E+00, 0.000000E+00, 0.000000E+00, 0.000000E+00, 0.587942E+02, 0.288536E+02, 0.173792E+00, 0.308040E+03, 0.126249E+05, 0.113000E+06, 0.773125E+02, 0.191767E+02, 0.119138E+01, 0.155787E-01, 0.000000E+00, 0.000000E+00, 0.000000E+00, 0.221455E+01, 0.166048E+01, 0.166048E+01, 0.000000E+00, 0.779099E+02, 0.211657E+02, 0.000000E+00, 0.000000E+00, 0.000000E+00, 0.000000E+00, 0.000000E+00, 0.924461E+00, 0.000000E+00, 0.000000E+00, 0.000000E+00, 0.193386E+02, 0.678132E+03,-0.480393E+00, 0.100375E+06, 0.782432E+02, 0.209905E+02, 0.000000E+00, 0.000000E+00, 0.000000E+00, 0.000000E+00, 0.000000E+00, 0.766335E+00, 0.000000E+00, 0.000000E+00, 0.000000E+00, 0.216774E+02, 0.217061E+02, 0.694631E+01, 0.525172E+01,-0.124133E+03, 0.100209E+06, 0.778864E+02, 0.211882E+02, 0.000000E+00, 0.000000E+00, 0.000000E+00, 0.000000E+00, 0.000000E+00, 0.925444E+00, 0.000000E+00, 0.000000E+00, 0.000000E+00, 0.778843E+02, 0.211901E+02, 0.000000E+00, 0.000000E+00, 0.000000E+00, 0.000000E+00, 0.000000E+00, 0.925530E+00, 0.000000E+00, 0.000000E+00, 0.000000E+00, 0.215844E+02, 0.216075E+02, 0.344030E+01, 0.831730E+01,-0.124129E+03, 0.100209E+06, 0.778919E+02, 0.211829E+02, 0.000000E+00, 0.000000E+00, 0.000000E+00, 0.000000E+00, 0.000000E+00, 0.925214E+00, 0.000000E+00, 0.000000E+00, 0.000000E+00, 0.778845E+02, 0.211900E+02, 0.000000E+00, 0.000000E+00, 0.000000E+00, 0.000000E+00, 0.000000E+00, 0.925525E+00, 0.000000E+00, 0.000000E+00, 0.000000E+00, 0.216258E+02, 0.216517E+02, 0.349917E+01, 0.770451E-01,-0.128577E+03, 0.100205E+06, 0.778945E+02, 0.211804E+02, 0.000000E+00, 0.000000E+00, 0.000000E+00, 0.000000E+00, 0.000000E+00, 0.925105E+00, 0.000000E+00, 0.000000E+00, 0.000000E+00, 0.778845E+02, 0.211900E+02, 0.000000E+00, 0.000000E+00, 0.000000E+00, 0.000000E+00, 0.000000E+00, 0.925525E+00, 0.000000E+00, 0.000000E+00, 0.000000E+00, 0.214810E+02, 0.207782E+02, 0.309508E+01, 0.564080E+02, 0.717396E+00, 0.100293E+06, 0.778752E+02, 0.212035E+02, 0.000000E+00, 0.000000E+00, 0.000000E+00, 0.000000E+00, 0.000000E+00, 0.921259E+00, 0.000000E+00, 0.000000E+00, 0.000000E+00, 0.780581E+02, 0.210935E+02, 0.000000E+00, 0.000000E+00, 0.000000E+00, 0.000000E+00, 0.000000E+00, 0.848367E+00, 0.000000E+00, 0.000000E+00, 0.000000E+00, 0.216467E+02, 0.216736E+02, 0.347825E+01, 0.201470E+01, 0.682154E+00, 0.100293E+06, 0.779126E+02, 0.211763E+02, 0.000000E+00, 0.000000E+00, 0.000000E+00, 0.000000E+00, 0.000000E+00, 0.911126E+00, 0.000000E+00, 0.000000E+00, 0.000000E+00, 0.778852E+02, 0.211931E+02, 0.000000E+00, 0.000000E+00, 0.000000E+00, 0.000000E+00, 0.000000E+00, 0.921710E+00, 0.000000E+00, 0.000000E+00, 0.000000E+00, 0.100000E+01, 0.721022E-01, 0.191443E-02, 0.823205E+05, 0.823205E+05, 0.608348E+05, 0.823205E+05, 0.000000E+00, 0.301148E+00, 0.000000E+00, 0.000000E+00, 0.000000E+00, 0.000000E+00, 0.000000E+00, 0.000000E+00, 0.000000E+00, 0.000000E+00, 0.000000E+00, 0.000000E+00, 0.000000E+00, 0.000000E+00, 0.000000E+00, 0.000000E+00, 0.000000E+00, 0.000000E+00, 0.000000E+00, 0.000000E+00, 0.000000E+00, 0.000000E+00, 0.000000E+00, 0.000000E+00, 0.000000E+00, 0.000000E+00, 0.000000E+00, 0.000000E+00, 0.000000E+00, 0.000000E+00, 0.000000E+00, 0.000000E+00, 0.000000E+00, 0.000000E+00, 0.000000E+00, 0.000000E+00, 0.000000E+00, 0.000000E+00                      
 0.550000E+03, 0.184574E+02, 0.247555E+03,-0.290923E+00, 0.100375E+06, 0.784240E+02, 0.208931E+02, 0.000000E+00, 0.000000E+00, 0.000000E+00, 0.000000E+00, 0.000000E+00, 0.682816E+00, 0.000000E+00, 0.000000E+00, 0.000000E+00, 0.213576E+02, 0.209711E+02, 0.347708E+01, 0.224215E+01,-0.451051E+00, 0.100375E+06, 0.778233E+02, 0.212602E+02, 0.000000E+00, 0.000000E+00, 0.000000E+00, 0.000000E+00, 0.000000E+00, 0.916466E+00, 0.000000E+00, 0.000000E+00, 0.000000E+00, 0.780357E+02, 0.211043E+02, 0.000000E+00, 0.000000E+00, 0.000000E+00, 0.000000E+00, 0.000000E+00, 0.859950E+00, 0.000000E+00, 0.000000E+00, 0.000000E+00, 0.215491E+02, 0.215670E+02, 0.323408E+01, 0.370451E+02,-0.510920E+00, 0.100374E+06, 0.779056E+02, 0.211772E+02, 0.000000E+00, 0.000000E+00, 0.000000E+00, 0.000000E+00, 0.000000E+00, 0.917235E+00, 0.000000E+00, 0.000000E+00, 0.000000E+00, 0.779150E+02, 0.211694E+02, 0.000000E+00, 0.000000E+00, 0.000000E+00, 0.000000E+00, 0.000000E+00, 0.915593E+00, 0.000000E+00, 0.000000E+00, 0.000000E+00, 0.579185E+02, 0.286773E+02, 0.168220E+00, 0.308556E+03, 0.123622E+05, 0.112737E+06, 0.773089E+02, 0.191643E+02, 0.119872E+01, 0.156746E-01, 0.000000E+00, 0.000000E+00, 0.000000E+00, 0.222249E+01, 0.167124E+01, 0.167124E+01, 0.000000E+00, 0.779101E+02, 0.211655E+02, 0.000000E+00, 0.000000E+00, 0.000000E+00, 0.000000E+00, 0.000000E+00, 0.924453E+00, 0.000000E+00, 0.000000E+00, 0.000000E+00, 0.193166E+02, 0.678132E+03,-0.478707E+00, 0.100375E+06, 0.782476E+02, 0.209881E+02, 0.000000E+00, 0.000000E+00, 0.000000E+00, 0.000000E+00, 0.000000E+00, 0.764327E+00, 0.000000E+00, 0.000000E+00, 0.000000E+00, 0.216706E+02, 0.216993E+02, 0.694504E+01, 0.537533E+01,-0.126585E+03, 0.100207E+06, 0.778863E+02, 0.211882E+02, 0.000000E+00, 0.000000E+00, 0.000000E+00, 0.000000E+00, 0.000000E+00, 0.925446E+00, 0.000000E+00, 0.000000E+00, 0.000000E+00, 0.778843E+02, 0.211901E+02, 0.000000E+00, 0.000000E+00, 0.000000E+00, 0.000000E+00, 0.000000E+00, 0.925530E+00, 0.000000E+00, 0.000000E+00, 0.000000E+00, 0.215768E+02, 0.215997E+02, 0.343852E+01, 0.856419E+01,-0.126581E+03, 0.100207E+06, 0.778917E+02, 0.211831E+02, 0.000000E+00, 0.000000E+00, 0.000000E+00, 0.000000E+00, 0.000000E+00, 0.925222E+00, 0.000000E+00, 0.000000E+00, 0.000000E+00, 0.778845E+02, 0.211900E+02, 0.000000E+00, 0.000000E+00, 0.000000E+00, 0.000000E+00, 0.000000E+00, 0.925525E+00, 0.000000E+00, 0.000000E+00, 0.000000E+00, 0.216185E+02, 0.216443E+02, 0.349916E+01, 0.779279E-01,-0.131104E+03, 0.100202E+06, 0.778944E+02, 0.211805E+02, 0.000000E+00, 0.000000E+00, 0.000000E+00, 0.000000E+00, 0.000000E+00, 0.925110E+00, 0.000000E+00, 0.000000E+00, 0.000000E+00, 0.778845E+02, 0.211900E+02, 0.000000E+00, 0.000000E+00, 0.000000E+00, 0.000000E+00, 0.000000E+00, 0.925525E+00, 0.000000E+00, 0.000000E+00, 0.000000E+00, 0.214738E+02, 0.207567E+02, 0.308801E+01, 0.573936E+02, 0.714450E+00, 0.100293E+06, 0.778754E+02, 0.212033E+02, 0.000000E+00, 0.000000E+00, 0.000000E+00, 0.000000E+00, 0.000000E+00, 0.921264E+00, 0.000000E+00, 0.000000E+00, 0.000000E+00, 0.780627E+02, 0.210910E+02, 0.000000E+00, 0.000000E+00, 0.000000E+00, 0.000000E+00, 0.000000E+00, 0.846344E+00, 0.000000E+00, 0.000000E+00, 0.000000E+00, 0.216382E+02, 0.216650E+02, 0.347823E+01, 0.201654E+01, 0.678699E+00, 0.100293E+06, 0.779126E+02, 0.211763E+02, 0.000000E+00, 0.000000E+00, 0.000000E+00, 0.000000E+00, 0.000000E+00, 0.911102E+00, 0.000000E+00, 0.000000E+00, 0.000000E+00, 0.778858E+02, 0.211927E+02, 0.000000E+00, 0.000000E+00, 0.000000E+00, 0.000000E+00, 0.000000E+00, 0.921471E+00, 0.000000E+00, 0.000000E+00, 0.000000E+00, 0.100000E+01, 0.685187E-01, 0.183277E-02, 0.788089E+05, 0.788089E+05, 0.582398E+05, 0.788089E+05, 0.000000E+00, 0.277436E+00, 0.000000E+00, 0.000000E+00, 0.000000E+00, 0.000000E+00, 0.000000E+00, 0.000000E+00, 0.000000E+00, 0.000000E+00, 0.000000E+00, 0.000000E+00, 0.000000E+00, 0.000000E+00, 0.000000E+00, 0.000000E+00, 0.000000E+00, 0.000000E+00, 0.000000E+00, 0.000000E+00, 0.000000E+00, 0.000000E+00, 0.000000E+00, 0.000000E+00, 0.000000E+00, 0.000000E+00, 0.000000E+00, 0.000000E+00, 0.000000E+00, 0.000000E+00, 0.000000E+00, 0.000000E+00, 0.000000E+00, 0.000000E+00, 0.000000E+00, 0.000000E+00, 0.000000E+00, 0.000000E+00                      
 0.560000E+03, 0.184409E+02, 0.247555E+03,-0.289865E+00, 0.100375E+06, 0.784295E+02, 0.208902E+02, 0.000000E+00, 0.000000E+00, 0.000000E+00, 0.000000E+00, 0.000000E+00, 0.680377E+00, 0.000000E+00, 0.000000E+00, 0.000000E+00, 0.213503E+02, 0.209514E+02, 0.347708E+01, 0.224209E+01,-0.449662E+00, 0.100375E+06, 0.778233E+02, 0.212602E+02, 0.000000E+00, 0.000000E+00, 0.000000E+00, 0.000000E+00, 0.000000E+00, 0.916466E+00, 0.000000E+00, 0.000000E+00, 0.000000E+00, 0.780398E+02, 0.211021E+02, 0.000000E+00, 0.000000E+00, 0.000000E+00, 0.000000E+00, 0.000000E+00, 0.858113E+00, 0.000000E+00, 0.000000E+00, 0.000000E+00, 0.215392E+02, 0.215564E+02, 0.323387E+01, 0.370732E+02,-0.509751E+00, 0.100374E+06, 0.779057E+02, 0.211771E+02, 0.000000E+00, 0.000000E+00, 0.000000E+00, 0.000000E+00, 0.000000E+00, 0.917190E+00, 0.000000E+00, 0.000000E+00, 0.000000E+00, 0.779161E+02, 0.211689E+02, 0.000000E+00, 0.000000E+00, 0.000000E+00, 0.000000E+00, 0.000000E+00, 0.915091E+00, 0.000000E+00, 0.000000E+00, 0.000000E+00, 0.570570E+02, 0.285088E+02, 0.162916E+00, 0.309047E+03, 0.121022E+05, 0.112477E+06, 0.773055E+02, 0.191525E+02, 0.120573E+01, 0.157663E-01, 0.000000E+00, 0.000000E+00, 0.000000E+00, 0.223008E+01, 0.168152E+01, 0.168152E+01, 0.000000E+00, 0.779103E+02, 0.211653E+02, 0.000000E+00, 0.000000E+00, 0.000000E+00, 0.000000E+00, 0.000000E+00, 0.924445E+00, 0.000000E+00, 0.000000E+00, 0.000000E+00, 0.192951E+02, 0.678132E+03,-0.477069E+00, 0.100375E+06, 0.782519E+02, 0.209857E+02, 0.000000E+00, 0.000000E+00, 0.000000E+00, 0.000000E+00, 0.000000E+00, 0.762354E+00, 0.000000E+00, 0.000000E+00, 0.000000E+00, 0.216639E+02, 0.216926E+02, 0.694378E+01, 0.549885E+01,-0.129025E+03, 0.100204E+06, 0.778863E+02, 0.211883E+02, 0.000000E+00, 0.000000E+00, 0.000000E+00, 0.000000E+00, 0.000000E+00, 0.925448E+00, 0.000000E+00, 0.000000E+00, 0.000000E+00, 0.778843E+02, 0.211901E+02, 0.000000E+00, 0.000000E+00, 0.000000E+00, 0.000000E+00, 0.000000E+00, 0.925530E+00, 0.000000E+00, 0.000000E+00, 0.000000E+00, 0.215691E+02, 0.215920E+02, 0.343674E+01, 0.881263E+01,-0.129021E+03, 0.100204E+06, 0.778915E+02, 0.211833E+02, 0.000000E+00, 0.000000E+00, 0.000000E+00, 0.000000E+00, 0.000000E+00, 0.925230E+00, 0.000000E+00, 0.000000E+00, 0.000000E+00, 0.778845E+02, 0.211900E+02, 0.000000E+00, 0.000000E+00, 0.000000E+00, 0.000000E+00, 0.000000E+00, 0.925525E+00, 0.000000E+00, 0.000000E+00, 0.000000E+00, 0.216112E+02, 0.216369E+02, 0.349915E+01, 0.788057E-01,-0.133618E+03, 0.100200E+06, 0.778942E+02, 0.211806E+02, 0.000000E+00, 0.000000E+00, 0.000000E+00, 0.000000E+00, 0.000000E+00, 0.925115E+00, 0.000000E+00, 0.000000E+00, 0.000000E+00, 0.778845E+02, 0.211900E+02, 0.000000E+00, 0.000000E+00, 0.000000E+00, 0.000000E+00, 0.000000E+00, 0.925525E+00, 0.000000E+00, 0.000000E+00, 0.000000E+00, 0.214666E+02, 0.207355E+02, 0.308088E+01, 0.583868E+02, 0.711608E+00, 0.100293E+06, 0.778756E+02, 0.212031E+02, 0.000000E+00, 0.000000E+00, 0.000000E+00, 0.000000E+00, 0.000000E+00, 0.921264E+00, 0.000000E+00, 0.000000E+00, 0.000000E+00, 0.780672E+02, 0.210884E+02, 0.000000E+00, 0.000000E+00, 0.000000E+00, 0.000000E+00, 0.000000E+00, 0.844320E+00, 0.000000E+00, 0.000000E+00, 0.000000E+00, 0.216297E+02, 0.216563E+02, 0.347821E+01, 0.201828E+01, 0.675362E+00, 0.100293E+06, 0.779127E+02, 0.211762E+02, 0.000000E+00, 0.000000E+00, 0.000000E+00, 0.000000E+00, 0.000000E+00, 0.911079E+00, 0.000000E+00, 0.000000E+00, 0.000000E+00, 0.778864E+02, 0.211924E+02, 0.000000E+00, 0.000000E+00, 0.000000E+00, 0.000000E+00, 0.000000E+00, 0.921225E+00, 0.000000E+00, 0.000000E+00, 0.000000E+00, 0.100000E+01, 0.652645E-01, 0.175459E-02, 0.754472E+05, 0.754472E+05, 0.557555E+05, 0.754472E+05, 0.000000E+00, 0.254133E+00, 0.000000E+00, 0.000000E+00, 0.000000E+00, 0.000000E+00, 0.000000E+00, 0.000000E+00, 0.000000E+00, 0.000000E+00, 0.000000E+00, 0.000000E+00, 0.000000E+00, 0.000000E+00, 0.000000E+00, 0.000000E+00, 0.000000E+00, 0.000000E+00, 0.000000E+00, 0.000000E+00, 0.000000E+00, 0.000000E+00, 0.000000E+00, 0.000000E+00, 0.000000E+00, 0.000000E+00, 0.000000E+00, 0.000000E+00, 0.000000E+00, 0.000000E+00, 0.000000E+00, 0.000000E+00, 0.000000E+00, 0.000000E+00, 0.000000E+00, 0.000000E+00, 0.000000E+00, 0.000000E+00                      
 0.570000E+03, 0.184251E+02, 0.247555E+03,-0.288850E+00, 0.100375E+06, 0.784348E+02, 0.208872E+02, 0.000000E+00, 0.000000E+00, 0.000000E+00, 0.000000E+00, 0.000000E+00, 0.677988E+00, 0.000000E+00, 0.000000E+00, 0.000000E+00, 0.213430E+02, 0.209320E+02, 0.347708E+01, 0.224204E+01,-0.448303E+00, 0.100375E+06, 0.778233E+02, 0.212602E+02, 0.000000E+00, 0.000000E+00, 0.000000E+00, 0.000000E+00, 0.000000E+00, 0.916466E+00, 0.000000E+00, 0.000000E+00, 0.000000E+00, 0.780438E+02, 0.210999E+02, 0.000000E+00, 0.000000E+00, 0.000000E+00, 0.000000E+00, 0.000000E+00, 0.856274E+00, 0.000000E+00, 0.000000E+00, 0.000000E+00, 0.215293E+02, 0.215459E+02, 0.323369E+01, 0.370991E+02,-0.508607E+00, 0.100374E+06, 0.779058E+02, 0.211771E+02, 0.000000E+00, 0.000000E+00, 0.000000E+00, 0.000000E+00, 0.000000E+00, 0.917147E+00, 0.000000E+00, 0.000000E+00, 0.000000E+00, 0.779172E+02, 0.211682E+02, 0.000000E+00, 0.000000E+00, 0.000000E+00, 0.000000E+00, 0.000000E+00, 0.914577E+00, 0.000000E+00, 0.000000E+00, 0.000000E+00, 0.562103E+02, 0.283477E+02, 0.157852E+00, 0.309516E+03, 0.118453E+05, 0.112220E+06, 0.773023E+02, 0.191412E+02, 0.121242E+01, 0.158538E-01, 0.000000E+00, 0.000000E+00, 0.000000E+00, 0.223732E+01, 0.169135E+01, 0.169135E+01, 0.000000E+00, 0.779104E+02, 0.211651E+02, 0.000000E+00, 0.000000E+00, 0.000000E+00, 0.000000E+00, 0.000000E+00, 0.924438E+00, 0.000000E+00, 0.000000E+00, 0.000000E+00, 0.192744E+02, 0.678132E+03,-0.475477E+00, 0.100375E+06, 0.782562E+02, 0.209834E+02, 0.000000E+00, 0.000000E+00, 0.000000E+00, 0.000000E+00, 0.000000E+00, 0.760413E+00, 0.000000E+00, 0.000000E+00, 0.000000E+00, 0.216572E+02, 0.216858E+02, 0.694252E+01, 0.562226E+01,-0.131454E+03, 0.100202E+06, 0.778863E+02, 0.211883E+02, 0.000000E+00, 0.000000E+00, 0.000000E+00, 0.000000E+00, 0.000000E+00, 0.925450E+00, 0.000000E+00, 0.000000E+00, 0.000000E+00, 0.778843E+02, 0.211901E+02, 0.000000E+00, 0.000000E+00, 0.000000E+00, 0.000000E+00, 0.000000E+00, 0.925530E+00, 0.000000E+00, 0.000000E+00, 0.000000E+00, 0.215615E+02, 0.215843E+02, 0.343495E+01, 0.906257E+01,-0.131450E+03, 0.100202E+06, 0.778913E+02, 0.211834E+02, 0.000000E+00, 0.000000E+00, 0.000000E+00, 0.000000E+00, 0.000000E+00, 0.925237E+00, 0.000000E+00, 0.000000E+00, 0.000000E+00, 0.778845E+02, 0.211900E+02, 0.000000E+00, 0.000000E+00, 0.000000E+00, 0.000000E+00, 0.000000E+00, 0.925525E+00, 0.000000E+00, 0.000000E+00, 0.000000E+00, 0.216039E+02, 0.216295E+02, 0.349914E+01, 0.796782E-01,-0.136119E+03, 0.100197E+06, 0.778941E+02, 0.211807E+02, 0.000000E+00, 0.000000E+00, 0.000000E+00, 0.000000E+00, 0.000000E+00, 0.925120E+00, 0.000000E+00, 0.000000E+00, 0.000000E+00, 0.778845E+02, 0.211900E+02, 0.000000E+00, 0.000000E+00, 0.000000E+00, 0.000000E+00, 0.000000E+00, 0.925525E+00, 0.000000E+00, 0.000000E+00, 0.000000E+00, 0.214595E+02, 0.207148E+02, 0.307370E+01, 0.593873E+02, 0.708865E+00, 0.100293E+06, 0.778758E+02, 0.212029E+02, 0.000000E+00, 0.000000E+00, 0.000000E+00, 0.000000E+00, 0.000000E+00, 0.921260E+00, 0.000000E+00, 0.000000E+00, 0.000000E+00, 0.780718E+02, 0.210859E+02, 0.000000E+00, 0.000000E+00, 0.000000E+00, 0.000000E+00, 0.000000E+00, 0.842297E+00, 0.000000E+00, 0.000000E+00, 0.000000E+00, 0.216212E+02, 0.216477E+02, 0.347819E+01, 0.201994E+01, 0.672138E+00, 0.100293E+06, 0.779127E+02, 0.211762E+02, 0.000000E+00, 0.000000E+00, 0.000000E+00, 0.000000E+00, 0.000000E+00, 0.911057E+00, 0.000000E+00, 0.000000E+00, 0.000000E+00, 0.778870E+02, 0.211921E+02, 0.000000E+00, 0.000000E+00, 0.000000E+00, 0.000000E+00, 0.000000E+00, 0.920972E+00, 0.000000E+00, 0.000000E+00, 0.000000E+00, 0.100000E+01, 0.623316E-01, 0.167974E-02, 0.722289E+05, 0.722289E+05, 0.533772E+05, 0.722289E+05, 0.000000E+00, 0.231234E+00, 0.000000E+00, 0.000000E+00, 0.000000E+00, 0.000000E+00, 0.000000E+00, 0.000000E+00, 0.000000E+00, 0.000000E+00, 0.000000E+00, 0.000000E+00, 0.000000E+00, 0.000000E+00, 0.000000E+00, 0.000000E+00, 0.000000E+00, 0.000000E+00, 0.000000E+00, 0.000000E+00, 0.000000E+00, 0.000000E+00, 0.000000E+00, 0.000000E+00, 0.000000E+00, 0.000000E+00, 0.000000E+00, 0.000000E+00, 0.000000E+00, 0.000000E+00, 0.000000E+00, 0.000000E+00, 0.000000E+00, 0.000000E+00, 0.000000E+00, 0.000000E+00, 0.000000E+00, 0.000000E+00                      
 0.580000E+03, 0.184100E+02, 0.247555E+03,-0.287874E+00, 0.100375E+06, 0.784400E+02, 0.208844E+02, 0.000000E+00, 0.000000E+00, 0.000000E+00, 0.000000E+00, 0.000000E+00, 0.675646E+00, 0.000000E+00, 0.000000E+00, 0.000000E+00, 0.213357E+02, 0.209129E+02, 0.347708E+01, 0.224198E+01,-0.446972E+00, 0.100375E+06, 0.778233E+02, 0.212602E+02, 0.000000E+00, 0.000000E+00, 0.000000E+00, 0.000000E+00, 0.000000E+00, 0.916466E+00, 0.000000E+00, 0.000000E+00, 0.000000E+00, 0.780478E+02, 0.210977E+02, 0.000000E+00, 0.000000E+00, 0.000000E+00, 0.000000E+00, 0.000000E+00, 0.854432E+00, 0.000000E+00, 0.000000E+00, 0.000000E+00, 0.215194E+02, 0.215355E+02, 0.323352E+01, 0.371230E+02,-0.507487E+00, 0.100374E+06, 0.779059E+02, 0.211770E+02, 0.000000E+00, 0.000000E+00, 0.000000E+00, 0.000000E+00, 0.000000E+00, 0.917106E+00, 0.000000E+00, 0.000000E+00, 0.000000E+00, 0.779183E+02, 0.211676E+02, 0.000000E+00, 0.000000E+00, 0.000000E+00, 0.000000E+00, 0.000000E+00, 0.914052E+00, 0.000000E+00, 0.000000E+00, 0.000000E+00, 0.553787E+02, 0.281935E+02, 0.153003E+00, 0.309965E+03, 0.115918E+05, 0.111967E+06, 0.772992E+02, 0.191304E+02, 0.121881E+01, 0.159373E-01, 0.000000E+00, 0.000000E+00, 0.000000E+00, 0.224423E+01, 0.170072E+01, 0.170072E+01, 0.000000E+00, 0.779106E+02, 0.211650E+02, 0.000000E+00, 0.000000E+00, 0.000000E+00, 0.000000E+00, 0.000000E+00, 0.924431E+00, 0.000000E+00, 0.000000E+00, 0.000000E+00, 0.192542E+02, 0.678132E+03,-0.473930E+00, 0.100375E+06, 0.782604E+02, 0.209811E+02, 0.000000E+00, 0.000000E+00, 0.000000E+00, 0.000000E+00, 0.000000E+00, 0.758504E+00, 0.000000E+00, 0.000000E+00, 0.000000E+00, 0.216505E+02, 0.216791E+02, 0.694126E+01, 0.574556E+01,-0.133871E+03, 0.100200E+06, 0.778862E+02, 0.211883E+02, 0.000000E+00, 0.000000E+00, 0.000000E+00, 0.000000E+00, 0.000000E+00, 0.925452E+00, 0.000000E+00, 0.000000E+00, 0.000000E+00, 0.778843E+02, 0.211901E+02, 0.000000E+00, 0.000000E+00, 0.000000E+00, 0.000000E+00, 0.000000E+00, 0.925530E+00, 0.000000E+00, 0.000000E+00, 0.000000E+00, 0.215539E+02, 0.215767E+02, 0.343314E+01, 0.931396E+01,-0.133867E+03, 0.100200E+06, 0.778912E+02, 0.211836E+02, 0.000000E+00, 0.000000E+00, 0.000000E+00, 0.000000E+00, 0.000000E+00, 0.925244E+00, 0.000000E+00, 0.000000E+00, 0.000000E+00, 0.778845E+02, 0.211900E+02, 0.000000E+00, 0.000000E+00, 0.000000E+00, 0.000000E+00, 0.000000E+00, 0.925525E+00, 0.000000E+00, 0.000000E+00, 0.000000E+00, 0.215966E+02, 0.216222E+02, 0.349913E+01, 0.805456E-01,-0.138607E+03, 0.100195E+06, 0.778940E+02, 0.211809E+02, 0.000000E+00, 0.000000E+00, 0.000000E+00, 0.000000E+00, 0.000000E+00, 0.925125E+00, 0.000000E+00, 0.000000E+00, 0.000000E+00, 0.778845E+02, 0.211900E+02, 0.000000E+00, 0.000000E+00, 0.000000E+00, 0.000000E+00, 0.000000E+00, 0.925525E+00, 0.000000E+00, 0.000000E+00, 0.000000E+00, 0.214525E+02, 0.206943E+02, 0.306646E+01, 0.603948E+02, 0.706216E+00, 0.100293E+06, 0.778760E+02, 0.212027E+02, 0.000000E+00, 0.000000E+00, 0.000000E+00, 0.000000E+00, 0.000000E+00, 0.921251E+00, 0.000000E+00, 0.000000E+00, 0.000000E+00, 0.780764E+02, 0.210834E+02, 0.000000E+00, 0.000000E+00, 0.000000E+00, 0.000000E+00, 0.000000E+00, 0.840276E+00, 0.000000E+00, 0.000000E+00, 0.000000E+00, 0.216127E+02, 0.216390E+02, 0.347817E+01, 0.202151E+01, 0.669024E+00, 0.100293E+06, 0.779128E+02, 0.211762E+02, 0.000000E+00, 0.000000E+00, 0.000000E+00, 0.000000E+00, 0.000000E+00, 0.911037E+00, 0.000000E+00, 0.000000E+00, 0.000000E+00, 0.778876E+02, 0.211917E+02, 0.000000E+00, 0.000000E+00, 0.000000E+00, 0.000000E+00, 0.000000E+00, 0.920711E+00, 0.000000E+00, 0.000000E+00, 0.000000E+00, 0.100000E+01, 0.597205E-01, 0.160809E-02, 0.691479E+05, 0.691479E+05, 0.511003E+05, 0.691479E+05, 0.932414E-11, 0.208731E+00, 0.000000E+00, 0.000000E+00, 0.000000E+00, 0.000000E+00, 0.000000E+00, 0.000000E+00, 0.000000E+00, 0.000000E+00, 0.000000E+00, 0.000000E+00, 0.000000E+00, 0.000000E+00, 0.000000E+00, 0.000000E+00, 0.000000E+00, 0.000000E+00, 0.000000E+00, 0.000000E+00, 0.000000E+00, 0.000000E+00, 0.000000E+00, 0.000000E+00, 0.000000E+00, 0.000000E+00, 0.000000E+00, 0.000000E+00, 0.000000E+00, 0.000000E+00, 0.000000E+00, 0.000000E+00, 0.000000E+00, 0.000000E+00, 0.000000E+00, 0.000000E+00, 0.000000E+00, 0.000000E+00                      
 0.590000E+03, 0.183954E+02, 0.247555E+03,-0.286936E+00, 0.100375E+06, 0.784451E+02, 0.208816E+02, 0.000000E+00, 0.000000E+00, 0.000000E+00, 0.000000E+00, 0.000000E+00, 0.673351E+00, 0.000000E+00, 0.000000E+00, 0.000000E+00, 0.213285E+02, 0.208942E+02, 0.347708E+01, 0.224193E+01,-0.445670E+00, 0.100375E+06, 0.778233E+02, 0.212602E+02, 0.000000E+00, 0.000000E+00, 0.000000E+00, 0.000000E+00, 0.000000E+00, 0.916466E+00, 0.000000E+00, 0.000000E+00, 0.000000E+00, 0.780519E+02, 0.210955E+02, 0.000000E+00, 0.000000E+00, 0.000000E+00, 0.000000E+00, 0.000000E+00, 0.852590E+00, 0.000000E+00, 0.000000E+00, 0.000000E+00, 0.215096E+02, 0.215250E+02, 0.323336E+01, 0.371451E+02,-0.506391E+00, 0.100374E+06, 0.779059E+02, 0.211770E+02, 0.000000E+00, 0.000000E+00, 0.000000E+00, 0.000000E+00, 0.000000E+00, 0.917067E+00, 0.000000E+00, 0.000000E+00, 0.000000E+00, 0.779195E+02, 0.211670E+02, 0.000000E+00, 0.000000E+00, 0.000000E+00, 0.000000E+00, 0.000000E+00, 0.913516E+00, 0.000000E+00, 0.000000E+00, 0.000000E+00, 0.545625E+02, 0.280458E+02, 0.148342E+00, 0.310397E+03, 0.113418E+05, 0.111717E+06, 0.772963E+02, 0.191202E+02, 0.122490E+01, 0.160169E-01, 0.000000E+00, 0.000000E+00, 0.000000E+00, 0.225082E+01, 0.170966E+01, 0.170966E+01, 0.000000E+00, 0.779107E+02, 0.211648E+02, 0.000000E+00, 0.000000E+00, 0.000000E+00, 0.000000E+00, 0.000000E+00, 0.924425E+00, 0.000000E+00, 0.000000E+00, 0.000000E+00, 0.192347E+02, 0.678132E+03,-0.472426E+00, 0.100375E+06, 0.782645E+02, 0.209788E+02, 0.000000E+00, 0.000000E+00, 0.000000E+00, 0.000000E+00, 0.000000E+00, 0.756627E+00, 0.000000E+00, 0.000000E+00, 0.000000E+00, 0.216439E+02, 0.216724E+02, 0.694000E+01, 0.586874E+01,-0.136277E+03, 0.100197E+06, 0.778862E+02, 0.211884E+02, 0.000000E+00, 0.000000E+00, 0.000000E+00, 0.000000E+00, 0.000000E+00, 0.925453E+00, 0.000000E+00, 0.000000E+00, 0.000000E+00, 0.778843E+02, 0.211901E+02, 0.000000E+00, 0.000000E+00, 0.000000E+00, 0.000000E+00, 0.000000E+00, 0.925530E+00, 0.000000E+00, 0.000000E+00, 0.000000E+00, 0.215464E+02, 0.215691E+02, 0.343133E+01, 0.956673E+01,-0.136273E+03, 0.100197E+06, 0.778910E+02, 0.211837E+02, 0.000000E+00, 0.000000E+00, 0.000000E+00, 0.000000E+00, 0.000000E+00, 0.925251E+00, 0.000000E+00, 0.000000E+00, 0.000000E+00, 0.778845E+02, 0.211900E+02, 0.000000E+00, 0.000000E+00, 0.000000E+00, 0.000000E+00, 0.000000E+00, 0.925525E+00, 0.000000E+00, 0.000000E+00, 0.000000E+00, 0.215894E+02, 0.216149E+02, 0.349912E+01, 0.814077E-01,-0.141081E+03, 0.100192E+06, 0.778939E+02, 0.211810E+02, 0.000000E+00, 0.000000E+00, 0.000000E+00, 0.000000E+00, 0.000000E+00, 0.925129E+00, 0.000000E+00, 0.000000E+00, 0.000000E+00, 0.778845E+02, 0.211900E+02, 0.000000E+00, 0.000000E+00, 0.000000E+00, 0.000000E+00, 0.000000E+00, 0.925525E+00, 0.000000E+00, 0.000000E+00, 0.000000E+00, 0.214454E+02, 0.206743E+02, 0.305918E+01, 0.614091E+02, 0.703659E+00, 0.100293E+06, 0.778762E+02, 0.212025E+02, 0.000000E+00, 0.000000E+00, 0.000000E+00, 0.000000E+00, 0.000000E+00, 0.921239E+00, 0.000000E+00, 0.000000E+00, 0.000000E+00, 0.780809E+02, 0.210809E+02, 0.000000E+00, 0.000000E+00, 0.000000E+00, 0.000000E+00, 0.000000E+00, 0.838256E+00, 0.000000E+00, 0.000000E+00, 0.000000E+00, 0.216042E+02, 0.216304E+02, 0.347816E+01, 0.202302E+01, 0.666015E+00, 0.100293E+06, 0.779128E+02, 0.211762E+02, 0.000000E+00, 0.000000E+00, 0.000000E+00, 0.000000E+00, 0.000000E+00, 0.911019E+00, 0.000000E+00, 0.000000E+00, 0.000000E+00, 0.778882E+02, 0.211913E+02, 0.000000E+00, 0.000000E+00, 0.000000E+00, 0.000000E+00, 0.000000E+00, 0.920443E+00, 0.000000E+00, 0.000000E+00, 0.000000E+00, 0.100000E+01, 0.574435E-01, 0.153949E-02, 0.661982E+05, 0.661982E+05, 0.489205E+05, 0.661982E+05, 0.000000E+00, 0.186616E+00, 0.000000E+00, 0.000000E+00, 0.000000E+00, 0.000000E+00, 0.000000E+00, 0.000000E+00, 0.000000E+00, 0.000000E+00, 0.000000E+00, 0.000000E+00, 0.000000E+00, 0.000000E+00, 0.000000E+00, 0.000000E+00, 0.000000E+00, 0.000000E+00, 0.000000E+00, 0.000000E+00, 0.000000E+00, 0.000000E+00, 0.000000E+00, 0.000000E+00, 0.000000E+00, 0.000000E+00, 0.000000E+00, 0.000000E+00, 0.000000E+00, 0.000000E+00, 0.000000E+00, 0.000000E+00, 0.000000E+00, 0.000000E+00, 0.000000E+00, 0.000000E+00, 0.000000E+00, 0.000000E+00                      
 0.600000E+03, 0.183814E+02, 0.247555E+03,-0.286034E+00, 0.100375E+06, 0.784501E+02, 0.208788E+02, 0.000000E+00, 0.000000E+00, 0.000000E+00, 0.000000E+00, 0.000000E+00, 0.671101E+00, 0.000000E+00, 0.000000E+00, 0.000000E+00, 0.213212E+02, 0.208757E+02, 0.347708E+01, 0.224187E+01,-0.444395E+00, 0.100375E+06, 0.778233E+02, 0.212602E+02, 0.000000E+00, 0.000000E+00, 0.000000E+00, 0.000000E+00, 0.000000E+00, 0.916466E+00, 0.000000E+00, 0.000000E+00, 0.000000E+00, 0.780559E+02, 0.210933E+02, 0.000000E+00, 0.000000E+00, 0.000000E+00, 0.000000E+00, 0.000000E+00, 0.850746E+00, 0.000000E+00, 0.000000E+00, 0.000000E+00, 0.214998E+02, 0.215146E+02, 0.323321E+01, 0.371655E+02,-0.505317E+00, 0.100374E+06, 0.779060E+02, 0.211770E+02, 0.000000E+00, 0.000000E+00, 0.000000E+00, 0.000000E+00, 0.000000E+00, 0.917030E+00, 0.000000E+00, 0.000000E+00, 0.000000E+00, 0.779207E+02, 0.211663E+02, 0.000000E+00, 0.000000E+00, 0.000000E+00, 0.000000E+00, 0.000000E+00, 0.912970E+00, 0.000000E+00, 0.000000E+00, 0.000000E+00, 0.537618E+02, 0.279040E+02, 0.143839E+00, 0.310814E+03, 0.110956E+05, 0.111471E+06, 0.772935E+02, 0.191104E+02, 0.123069E+01, 0.160927E-01, 0.000000E+00, 0.000000E+00, 0.000000E+00, 0.225709E+01, 0.171817E+01, 0.171817E+01, 0.000000E+00, 0.779109E+02, 0.211647E+02, 0.000000E+00, 0.000000E+00, 0.000000E+00, 0.000000E+00, 0.000000E+00, 0.924420E+00, 0.000000E+00, 0.000000E+00, 0.000000E+00, 0.192157E+02, 0.678132E+03,-0.470964E+00, 0.100375E+06, 0.782686E+02, 0.209766E+02, 0.000000E+00, 0.000000E+00, 0.000000E+00, 0.000000E+00, 0.000000E+00, 0.754781E+00, 0.000000E+00, 0.000000E+00, 0.000000E+00, 0.216372E+02, 0.216657E+02, 0.693874E+01, 0.599178E+01,-0.138672E+03, 0.100195E+06, 0.778861E+02, 0.211884E+02, 0.000000E+00, 0.000000E+00, 0.000000E+00, 0.000000E+00, 0.000000E+00, 0.925455E+00, 0.000000E+00, 0.000000E+00, 0.000000E+00, 0.778843E+02, 0.211901E+02, 0.000000E+00, 0.000000E+00, 0.000000E+00, 0.000000E+00, 0.000000E+00, 0.925530E+00, 0.000000E+00, 0.000000E+00, 0.000000E+00, 0.215389E+02, 0.215615E+02, 0.342950E+01, 0.982083E+01,-0.138668E+03, 0.100195E+06, 0.778908E+02, 0.211839E+02, 0.000000E+00, 0.000000E+00, 0.000000E+00, 0.000000E+00, 0.000000E+00, 0.925258E+00, 0.000000E+00, 0.000000E+00, 0.000000E+00, 0.778845E+02, 0.211900E+02, 0.000000E+00, 0.000000E+00, 0.000000E+00, 0.000000E+00, 0.000000E+00, 0.925525E+00, 0.000000E+00, 0.000000E+00, 0.000000E+00, 0.215823E+02, 0.216077E+02, 0.349911E+01, 0.822645E-01,-0.143542E+03, 0.100190E+06, 0.778938E+02, 0.211811E+02, 0.000000E+00, 0.000000E+00, 0.000000E+00, 0.000000E+00, 0.000000E+00, 0.925134E+00, 0.000000E+00, 0.000000E+00, 0.000000E+00, 0.778845E+02, 0.211900E+02, 0.000000E+00, 0.000000E+00, 0.000000E+00, 0.000000E+00, 0.000000E+00, 0.925525E+00, 0.000000E+00, 0.000000E+00, 0.000000E+00, 0.214385E+02, 0.206546E+02, 0.305186E+01, 0.624299E+02, 0.701188E+00, 0.100293E+06, 0.778765E+02, 0.212023E+02, 0.000000E+00, 0.000000E+00, 0.000000E+00, 0.000000E+00, 0.000000E+00, 0.921223E+00, 0.000000E+00, 0.000000E+00, 0.000000E+00, 0.780854E+02, 0.210783E+02, 0.000000E+00, 0.000000E+00, 0.000000E+00, 0.000000E+00, 0.000000E+00, 0.836239E+00, 0.000000E+00, 0.000000E+00, 0.000000E+00, 0.215957E+02, 0.216217E+02, 0.347814E+01, 0.202445E+01, 0.663106E+00, 0.100293E+06, 0.779128E+02, 0.211762E+02, 0.000000E+00, 0.000000E+00, 0.000000E+00, 0.000000E+00, 0.000000E+00, 0.911001E+00, 0.000000E+00, 0.000000E+00, 0.000000E+00, 0.778889E+02, 0.211910E+02, 0.000000E+00, 0.000000E+00, 0.000000E+00, 0.000000E+00, 0.000000E+00, 0.920167E+00, 0.000000E+00, 0.000000E+00, 0.000000E+00, 0.100000E+01, 0.555328E-01, 0.147382E-02, 0.633744E+05, 0.633744E+05, 0.468337E+05, 0.633744E+05, 0.000000E+00, 0.164884E+00, 0.000000E+00, 0.000000E+00, 0.000000E+00, 0.000000E+00, 0.000000E+00, 0.000000E+00, 0.000000E+00, 0.000000E+00, 0.000000E+00, 0.000000E+00, 0.000000E+00, 0.000000E+00, 0.000000E+00, 0.000000E+00, 0.000000E+00, 0.000000E+00, 0.000000E+00, 0.000000E+00, 0.000000E+00, 0.000000E+00, 0.000000E+00, 0.000000E+00, 0.000000E+00, 0.000000E+00, 0.000000E+00, 0.000000E+00, 0.000000E+00, 0.000000E+00, 0.000000E+00, 0.000000E+00, 0.000000E+00, 0.000000E+00, 0.000000E+00, 0.000000E+00, 0.000000E+00, 0.000000E+00                      
 0.610000E+03, 0.183680E+02, 0.247555E+03,-0.285165E+00, 0.100375E+06, 0.784549E+02, 0.208762E+02, 0.000000E+00, 0.000000E+00, 0.000000E+00, 0.000000E+00, 0.000000E+00, 0.668895E+00, 0.000000E+00, 0.000000E+00, 0.000000E+00, 0.213140E+02, 0.208576E+02, 0.347708E+01, 0.224182E+01,-0.443148E+00, 0.100375E+06, 0.778233E+02, 0.212602E+02, 0.000000E+00, 0.000000E+00, 0.000000E+00, 0.000000E+00, 0.000000E+00, 0.916466E+00, 0.000000E+00, 0.000000E+00, 0.000000E+00, 0.780600E+02, 0.210911E+02, 0.000000E+00, 0.000000E+00, 0.000000E+00, 0.000000E+00, 0.000000E+00, 0.848902E+00, 0.000000E+00, 0.000000E+00, 0.000000E+00, 0.214901E+02, 0.215043E+02, 0.323308E+01, 0.371845E+02,-0.504266E+00, 0.100374E+06, 0.779061E+02, 0.211769E+02, 0.000000E+00, 0.000000E+00, 0.000000E+00, 0.000000E+00, 0.000000E+00, 0.916994E+00, 0.000000E+00, 0.000000E+00, 0.000000E+00, 0.779219E+02, 0.211657E+02, 0.000000E+00, 0.000000E+00, 0.000000E+00, 0.000000E+00, 0.000000E+00, 0.912412E+00, 0.000000E+00, 0.000000E+00, 0.000000E+00, 0.529768E+02, 0.277678E+02, 0.139462E+00, 0.311219E+03, 0.108534E+05, 0.111228E+06, 0.772908E+02, 0.191011E+02, 0.123620E+01, 0.161648E-01, 0.000000E+00, 0.000000E+00, 0.000000E+00, 0.226306E+01, 0.172626E+01, 0.172626E+01, 0.000000E+00, 0.779110E+02, 0.211646E+02, 0.000000E+00, 0.000000E+00, 0.000000E+00, 0.000000E+00, 0.000000E+00, 0.924415E+00, 0.000000E+00, 0.000000E+00, 0.000000E+00, 0.191972E+02, 0.678132E+03,-0.469542E+00, 0.100375E+06, 0.782726E+02, 0.209745E+02, 0.000000E+00, 0.000000E+00, 0.000000E+00, 0.000000E+00, 0.000000E+00, 0.752964E+00, 0.000000E+00, 0.000000E+00, 0.000000E+00, 0.216306E+02, 0.216591E+02, 0.693748E+01, 0.611469E+01,-0.141055E+03, 0.100192E+06, 0.778861E+02, 0.211884E+02, 0.000000E+00, 0.000000E+00, 0.000000E+00, 0.000000E+00, 0.000000E+00, 0.925456E+00, 0.000000E+00, 0.000000E+00, 0.000000E+00, 0.778843E+02, 0.211901E+02, 0.000000E+00, 0.000000E+00, 0.000000E+00, 0.000000E+00, 0.000000E+00, 0.925530E+00, 0.000000E+00, 0.000000E+00, 0.000000E+00, 0.215315E+02, 0.215540E+02, 0.342767E+01, 0.100762E+02,-0.141051E+03, 0.100192E+06, 0.778907E+02, 0.211840E+02, 0.000000E+00, 0.000000E+00, 0.000000E+00, 0.000000E+00, 0.000000E+00, 0.925264E+00, 0.000000E+00, 0.000000E+00, 0.000000E+00, 0.778845E+02, 0.211900E+02, 0.000000E+00, 0.000000E+00, 0.000000E+00, 0.000000E+00, 0.000000E+00, 0.925525E+00, 0.000000E+00, 0.000000E+00, 0.000000E+00, 0.215752E+02, 0.216005E+02, 0.349910E+01, 0.831160E-01,-0.145989E+03, 0.100187E+06, 0.778937E+02, 0.211812E+02, 0.000000E+00, 0.000000E+00, 0.000000E+00, 0.000000E+00, 0.000000E+00, 0.925138E+00, 0.000000E+00, 0.000000E+00, 0.000000E+00, 0.778845E+02, 0.211900E+02, 0.000000E+00, 0.000000E+00, 0.000000E+00, 0.000000E+00, 0.000000E+00, 0.925525E+00, 0.000000E+00, 0.000000E+00, 0.000000E+00, 0.214315E+02, 0.206352E+02, 0.304448E+01, 0.634569E+02, 0.698800E+00, 0.100293E+06, 0.778767E+02, 0.212021E+02, 0.000000E+00, 0.000000E+00, 0.000000E+00, 0.000000E+00, 0.000000E+00, 0.921202E+00, 0.000000E+00, 0.000000E+00, 0.000000E+00, 0.780900E+02, 0.210758E+02, 0.000000E+00, 0.000000E+00, 0.000000E+00, 0.000000E+00, 0.000000E+00, 0.834225E+00, 0.000000E+00, 0.000000E+00, 0.000000E+00, 0.215873E+02, 0.216131E+02, 0.347813E+01, 0.202583E+01, 0.660294E+00, 0.100292E+06, 0.779129E+02, 0.211761E+02, 0.000000E+00, 0.000000E+00, 0.000000E+00, 0.000000E+00, 0.000000E+00, 0.910984E+00, 0.000000E+00, 0.000000E+00, 0.000000E+00, 0.778895E+02, 0.211906E+02, 0.000000E+00, 0.000000E+00, 0.000000E+00, 0.000000E+00, 0.000000E+00, 0.919884E+00, 0.000000E+00, 0.000000E+00, 0.000000E+00, 0.100000E+01, 0.540565E-01, 0.141096E-02, 0.606711E+05, 0.606711E+05, 0.448359E+05, 0.606711E+05, 0.000000E+00, 0.143527E+00, 0.000000E+00, 0.000000E+00, 0.000000E+00, 0.000000E+00, 0.000000E+00, 0.000000E+00, 0.000000E+00, 0.000000E+00, 0.000000E+00, 0.000000E+00, 0.000000E+00, 0.000000E+00, 0.000000E+00, 0.000000E+00, 0.000000E+00, 0.000000E+00, 0.000000E+00, 0.000000E+00, 0.000000E+00, 0.000000E+00, 0.000000E+00, 0.000000E+00, 0.000000E+00, 0.000000E+00, 0.000000E+00, 0.000000E+00, 0.000000E+00, 0.000000E+00, 0.000000E+00, 0.000000E+00, 0.000000E+00, 0.000000E+00, 0.000000E+00, 0.000000E+00, 0.000000E+00, 0.000000E+00                      
 0.620000E+03, 0.183550E+02, 0.247555E+03,-0.284328E+00, 0.100375E+06, 0.784598E+02, 0.208735E+02, 0.000000E+00, 0.000000E+00, 0.000000E+00, 0.000000E+00, 0.000000E+00, 0.666732E+00, 0.000000E+00, 0.000000E+00, 0.000000E+00, 0.213067E+02, 0.208398E+02, 0.347708E+01, 0.224176E+01,-0.441927E+00, 0.100375E+06, 0.778233E+02, 0.212602E+02, 0.000000E+00, 0.000000E+00, 0.000000E+00, 0.000000E+00, 0.000000E+00, 0.916466E+00, 0.000000E+00, 0.000000E+00, 0.000000E+00, 0.780640E+02, 0.210889E+02, 0.000000E+00, 0.000000E+00, 0.000000E+00, 0.000000E+00, 0.000000E+00, 0.847058E+00, 0.000000E+00, 0.000000E+00, 0.000000E+00, 0.214805E+02, 0.214940E+02, 0.323295E+01, 0.372022E+02,-0.503236E+00, 0.100374E+06, 0.779062E+02, 0.211769E+02, 0.000000E+00, 0.000000E+00, 0.000000E+00, 0.000000E+00, 0.000000E+00, 0.916960E+00, 0.000000E+00, 0.000000E+00, 0.000000E+00, 0.779231E+02, 0.211650E+02, 0.000000E+00, 0.000000E+00, 0.000000E+00, 0.000000E+00, 0.000000E+00, 0.911844E+00, 0.000000E+00, 0.000000E+00, 0.000000E+00, 0.522073E+02, 0.276366E+02, 0.135169E+00, 0.311617E+03, 0.106152E+05, 0.110990E+06, 0.772883E+02, 0.190923E+02, 0.124142E+01, 0.162330E-01, 0.000000E+00, 0.000000E+00, 0.000000E+00, 0.226870E+01, 0.173394E+01, 0.173394E+01, 0.000000E+00, 0.779110E+02, 0.211646E+02, 0.000000E+00, 0.000000E+00, 0.000000E+00, 0.000000E+00, 0.000000E+00, 0.924413E+00, 0.000000E+00, 0.000000E+00, 0.000000E+00, 0.191793E+02, 0.678132E+03,-0.468160E+00, 0.100375E+06, 0.782765E+02, 0.209723E+02, 0.000000E+00, 0.000000E+00, 0.000000E+00, 0.000000E+00, 0.000000E+00, 0.751177E+00, 0.000000E+00, 0.000000E+00, 0.000000E+00, 0.216240E+02, 0.216524E+02, 0.693623E+01, 0.623748E+01,-0.143426E+03, 0.100190E+06, 0.778861E+02, 0.211885E+02, 0.000000E+00, 0.000000E+00, 0.000000E+00, 0.000000E+00, 0.000000E+00, 0.925458E+00, 0.000000E+00, 0.000000E+00, 0.000000E+00, 0.778843E+02, 0.211901E+02, 0.000000E+00, 0.000000E+00, 0.000000E+00, 0.000000E+00, 0.000000E+00, 0.925530E+00, 0.000000E+00, 0.000000E+00, 0.000000E+00, 0.215242E+02, 0.215466E+02, 0.342583E+01, 0.103328E+02,-0.143422E+03, 0.100190E+06, 0.778905E+02, 0.211842E+02, 0.000000E+00, 0.000000E+00, 0.000000E+00, 0.000000E+00, 0.000000E+00, 0.925270E+00, 0.000000E+00, 0.000000E+00, 0.000000E+00, 0.778845E+02, 0.211900E+02, 0.000000E+00, 0.000000E+00, 0.000000E+00, 0.000000E+00, 0.000000E+00, 0.925525E+00, 0.000000E+00, 0.000000E+00, 0.000000E+00, 0.215681E+02, 0.215933E+02, 0.349909E+01, 0.839622E-01,-0.148423E+03, 0.100185E+06, 0.778936E+02, 0.211813E+02, 0.000000E+00, 0.000000E+00, 0.000000E+00, 0.000000E+00, 0.000000E+00, 0.925142E+00, 0.000000E+00, 0.000000E+00, 0.000000E+00, 0.778845E+02, 0.211900E+02, 0.000000E+00, 0.000000E+00, 0.000000E+00, 0.000000E+00, 0.000000E+00, 0.925525E+00, 0.000000E+00, 0.000000E+00, 0.000000E+00, 0.214246E+02, 0.206162E+02, 0.303707E+01, 0.644899E+02, 0.696492E+00, 0.100293E+06, 0.778769E+02, 0.212019E+02, 0.000000E+00, 0.000000E+00, 0.000000E+00, 0.000000E+00, 0.000000E+00, 0.921177E+00, 0.000000E+00, 0.000000E+00, 0.000000E+00, 0.780945E+02, 0.210733E+02, 0.000000E+00, 0.000000E+00, 0.000000E+00, 0.000000E+00, 0.000000E+00, 0.832215E+00, 0.000000E+00, 0.000000E+00, 0.000000E+00, 0.215788E+02, 0.216044E+02, 0.347811E+01, 0.202716E+01, 0.657575E+00, 0.100292E+06, 0.779129E+02, 0.211761E+02, 0.000000E+00, 0.000000E+00, 0.000000E+00, 0.000000E+00, 0.000000E+00, 0.910969E+00, 0.000000E+00, 0.000000E+00, 0.000000E+00, 0.778902E+02, 0.211902E+02, 0.000000E+00, 0.000000E+00, 0.000000E+00, 0.000000E+00, 0.000000E+00, 0.919594E+00, 0.000000E+00, 0.000000E+00, 0.000000E+00, 0.100000E+01, 0.531591E-01, 0.135077E-02, 0.580831E+05, 0.580831E+05, 0.429234E+05, 0.580831E+05, 0.000000E+00, 0.122540E+00, 0.000000E+00, 0.000000E+00, 0.000000E+00, 0.000000E+00, 0.000000E+00, 0.000000E+00, 0.000000E+00, 0.000000E+00, 0.000000E+00, 0.000000E+00, 0.000000E+00, 0.000000E+00, 0.000000E+00, 0.000000E+00, 0.000000E+00, 0.000000E+00, 0.000000E+00, 0.000000E+00, 0.000000E+00, 0.000000E+00, 0.000000E+00, 0.000000E+00, 0.000000E+00, 0.000000E+00, 0.000000E+00, 0.000000E+00, 0.000000E+00, 0.000000E+00, 0.000000E+00, 0.000000E+00, 0.000000E+00, 0.000000E+00, 0.000000E+00, 0.000000E+00, 0.000000E+00, 0.000000E+00                      
 0.630000E+03, 0.183426E+02, 0.247555E+03,-0.283522E+00, 0.100375E+06, 0.784645E+02, 0.208709E+02, 0.000000E+00, 0.000000E+00, 0.000000E+00, 0.000000E+00, 0.000000E+00, 0.664611E+00, 0.000000E+00, 0.000000E+00, 0.000000E+00, 0.212994E+02, 0.208223E+02, 0.347708E+01, 0.224171E+01,-0.440732E+00, 0.100375E+06, 0.778233E+02, 0.212602E+02, 0.000000E+00, 0.000000E+00, 0.000000E+00, 0.000000E+00, 0.000000E+00, 0.916466E+00, 0.000000E+00, 0.000000E+00, 0.000000E+00, 0.780680E+02, 0.210867E+02, 0.000000E+00, 0.000000E+00, 0.000000E+00, 0.000000E+00, 0.000000E+00, 0.845214E+00, 0.000000E+00, 0.000000E+00, 0.000000E+00, 0.214709E+02, 0.214838E+02, 0.323283E+01, 0.372186E+02,-0.502227E+00, 0.100374E+06, 0.779062E+02, 0.211768E+02, 0.000000E+00, 0.000000E+00, 0.000000E+00, 0.000000E+00, 0.000000E+00, 0.916927E+00, 0.000000E+00, 0.000000E+00, 0.000000E+00, 0.779244E+02, 0.211643E+02, 0.000000E+00, 0.000000E+00, 0.000000E+00, 0.000000E+00, 0.000000E+00, 0.911266E+00, 0.000000E+00, 0.000000E+00, 0.000000E+00, 0.514532E+02, 0.275099E+02, 0.130900E+00, 0.312012E+03, 0.103812E+05, 0.110756E+06, 0.772859E+02, 0.190840E+02, 0.124634E+01, 0.162974E-01, 0.000000E+00, 0.000000E+00, 0.000000E+00, 0.227403E+01, 0.174119E+01, 0.174119E+01, 0.000000E+00, 0.779110E+02, 0.211646E+02, 0.000000E+00, 0.000000E+00, 0.000000E+00, 0.000000E+00, 0.000000E+00, 0.924413E+00, 0.000000E+00, 0.000000E+00, 0.000000E+00, 0.191619E+02, 0.678132E+03,-0.466814E+00, 0.100375E+06, 0.782804E+02, 0.209702E+02, 0.000000E+00, 0.000000E+00, 0.000000E+00, 0.000000E+00, 0.000000E+00, 0.749419E+00, 0.000000E+00, 0.000000E+00, 0.000000E+00, 0.216174E+02, 0.216458E+02, 0.693497E+01, 0.636015E+01,-0.145786E+03, 0.100188E+06, 0.778860E+02, 0.211885E+02, 0.000000E+00, 0.000000E+00, 0.000000E+00, 0.000000E+00, 0.000000E+00, 0.925459E+00, 0.000000E+00, 0.000000E+00, 0.000000E+00, 0.778843E+02, 0.211901E+02, 0.000000E+00, 0.000000E+00, 0.000000E+00, 0.000000E+00, 0.000000E+00, 0.925530E+00, 0.000000E+00, 0.000000E+00, 0.000000E+00, 0.215169E+02, 0.215392E+02, 0.342398E+01, 0.105905E+02,-0.145782E+03, 0.100188E+06, 0.778904E+02, 0.211843E+02, 0.000000E+00, 0.000000E+00, 0.000000E+00, 0.000000E+00, 0.000000E+00, 0.925276E+00, 0.000000E+00, 0.000000E+00, 0.000000E+00, 0.778845E+02, 0.211900E+02, 0.000000E+00, 0.000000E+00, 0.000000E+00, 0.000000E+00, 0.000000E+00, 0.925525E+00, 0.000000E+00, 0.000000E+00, 0.000000E+00, 0.215610E+02, 0.215862E+02, 0.349908E+01, 0.848030E-01,-0.150842E+03, 0.100183E+06, 0.778935E+02, 0.211813E+02, 0.000000E+00, 0.000000E+00, 0.000000E+00, 0.000000E+00, 0.000000E+00, 0.925146E+00, 0.000000E+00, 0.000000E+00, 0.000000E+00, 0.778845E+02, 0.211900E+02, 0.000000E+00, 0.000000E+00, 0.000000E+00, 0.000000E+00, 0.000000E+00, 0.925525E+00, 0.000000E+00, 0.000000E+00, 0.000000E+00, 0.214178E+02, 0.205976E+02, 0.302961E+01, 0.655287E+02, 0.694260E+00, 0.100293E+06, 0.778771E+02, 0.212017E+02, 0.000000E+00, 0.000000E+00, 0.000000E+00, 0.000000E+00, 0.000000E+00, 0.921149E+00, 0.000000E+00, 0.000000E+00, 0.000000E+00, 0.780990E+02, 0.210708E+02, 0.000000E+00, 0.000000E+00, 0.000000E+00, 0.000000E+00, 0.000000E+00, 0.830210E+00, 0.000000E+00, 0.000000E+00, 0.000000E+00, 0.215703E+02, 0.215958E+02, 0.347810E+01, 0.202843E+01, 0.654945E+00, 0.100292E+06, 0.779129E+02, 0.211761E+02, 0.000000E+00, 0.000000E+00, 0.000000E+00, 0.000000E+00, 0.000000E+00, 0.910954E+00, 0.000000E+00, 0.000000E+00, 0.000000E+00, 0.778909E+02, 0.211898E+02, 0.000000E+00, 0.000000E+00, 0.000000E+00, 0.000000E+00, 0.000000E+00, 0.919296E+00, 0.000000E+00, 0.000000E+00, 0.000000E+00, 0.100000E+01, 0.531828E-01, 0.129315E-02, 0.556055E+05, 0.556055E+05, 0.410924E+05, 0.556055E+05, 0.000000E+00, 0.101915E+00, 0.000000E+00, 0.000000E+00, 0.000000E+00, 0.000000E+00, 0.000000E+00, 0.000000E+00, 0.000000E+00, 0.000000E+00, 0.000000E+00, 0.000000E+00, 0.000000E+00, 0.000000E+00, 0.000000E+00, 0.000000E+00, 0.000000E+00, 0.000000E+00, 0.000000E+00, 0.000000E+00, 0.000000E+00, 0.000000E+00, 0.000000E+00, 0.000000E+00, 0.000000E+00, 0.000000E+00, 0.000000E+00, 0.000000E+00, 0.000000E+00, 0.000000E+00, 0.000000E+00, 0.000000E+00, 0.000000E+00, 0.000000E+00, 0.000000E+00, 0.000000E+00, 0.000000E+00, 0.000000E+00                      
 0.640000E+03, 0.183306E+02, 0.247555E+03,-0.282745E+00, 0.100375E+06, 0.784691E+02, 0.208684E+02, 0.000000E+00, 0.000000E+00, 0.000000E+00, 0.000000E+00, 0.000000E+00, 0.662529E+00, 0.000000E+00, 0.000000E+00, 0.000000E+00, 0.212922E+02, 0.208051E+02, 0.347708E+01, 0.224165E+01,-0.439562E+00, 0.100375E+06, 0.778233E+02, 0.212602E+02, 0.000000E+00, 0.000000E+00, 0.000000E+00, 0.000000E+00, 0.000000E+00, 0.916466E+00, 0.000000E+00, 0.000000E+00, 0.000000E+00, 0.780721E+02, 0.210845E+02, 0.000000E+00, 0.000000E+00, 0.000000E+00, 0.000000E+00, 0.000000E+00, 0.843371E+00, 0.000000E+00, 0.000000E+00, 0.000000E+00, 0.214614E+02, 0.214736E+02, 0.323272E+01, 0.372339E+02,-0.501239E+00, 0.100374E+06, 0.779063E+02, 0.211768E+02, 0.000000E+00, 0.000000E+00, 0.000000E+00, 0.000000E+00, 0.000000E+00, 0.916896E+00, 0.000000E+00, 0.000000E+00, 0.000000E+00, 0.779257E+02, 0.211636E+02, 0.000000E+00, 0.000000E+00, 0.000000E+00, 0.000000E+00, 0.000000E+00, 0.910678E+00, 0.000000E+00, 0.000000E+00, 0.000000E+00, 0.507139E+02, 0.273875E+02, 0.126540E+00, 0.312416E+03, 0.101516E+05, 0.110527E+06, 0.772837E+02, 0.190762E+02, 0.125094E+01, 0.163574E-01, 0.000000E+00, 0.000000E+00, 0.000000E+00, 0.227900E+01, 0.174797E+01, 0.174797E+01, 0.000000E+00, 0.779109E+02, 0.211647E+02, 0.000000E+00, 0.000000E+00, 0.000000E+00, 0.000000E+00, 0.000000E+00, 0.924419E+00, 0.000000E+00, 0.000000E+00, 0.000000E+00, 0.191450E+02, 0.678132E+03,-0.465506E+00, 0.100375E+06, 0.782842E+02, 0.209681E+02, 0.000000E+00, 0.000000E+00, 0.000000E+00, 0.000000E+00, 0.000000E+00, 0.747689E+00, 0.000000E+00, 0.000000E+00, 0.000000E+00, 0.216108E+02, 0.216392E+02, 0.693372E+01, 0.648268E+01,-0.148135E+03, 0.100185E+06, 0.778860E+02, 0.211885E+02, 0.000000E+00, 0.000000E+00, 0.000000E+00, 0.000000E+00, 0.000000E+00, 0.925461E+00, 0.000000E+00, 0.000000E+00, 0.000000E+00, 0.778843E+02, 0.211901E+02, 0.000000E+00, 0.000000E+00, 0.000000E+00, 0.000000E+00, 0.000000E+00, 0.925530E+00, 0.000000E+00, 0.000000E+00, 0.000000E+00, 0.215096E+02, 0.215319E+02, 0.342212E+01, 0.108493E+02,-0.148131E+03, 0.100185E+06, 0.778903E+02, 0.211844E+02, 0.000000E+00, 0.000000E+00, 0.000000E+00, 0.000000E+00, 0.000000E+00, 0.925282E+00, 0.000000E+00, 0.000000E+00, 0.000000E+00, 0.778845E+02, 0.211900E+02, 0.000000E+00, 0.000000E+00, 0.000000E+00, 0.000000E+00, 0.000000E+00, 0.925525E+00, 0.000000E+00, 0.000000E+00, 0.000000E+00, 0.215540E+02, 0.215792E+02, 0.349908E+01, 0.856384E-01,-0.153248E+03, 0.100180E+06, 0.778934E+02, 0.211814E+02, 0.000000E+00, 0.000000E+00, 0.000000E+00, 0.000000E+00, 0.000000E+00, 0.925150E+00, 0.000000E+00, 0.000000E+00, 0.000000E+00, 0.778845E+02, 0.211900E+02, 0.000000E+00, 0.000000E+00, 0.000000E+00, 0.000000E+00, 0.000000E+00, 0.925525E+00, 0.000000E+00, 0.000000E+00, 0.000000E+00, 0.214109E+02, 0.205792E+02, 0.302211E+01, 0.665730E+02, 0.692100E+00, 0.100293E+06, 0.778774E+02, 0.212015E+02, 0.000000E+00, 0.000000E+00, 0.000000E+00, 0.000000E+00, 0.000000E+00, 0.921116E+00, 0.000000E+00, 0.000000E+00, 0.000000E+00, 0.781035E+02, 0.210683E+02, 0.000000E+00, 0.000000E+00, 0.000000E+00, 0.000000E+00, 0.000000E+00, 0.828208E+00, 0.000000E+00, 0.000000E+00, 0.000000E+00, 0.215619E+02, 0.215872E+02, 0.347808E+01, 0.202966E+01, 0.652401E+00, 0.100292E+06, 0.779130E+02, 0.211761E+02, 0.000000E+00, 0.000000E+00, 0.000000E+00, 0.000000E+00, 0.000000E+00, 0.910940E+00, 0.000000E+00, 0.000000E+00, 0.000000E+00, 0.778916E+02, 0.211894E+02, 0.000000E+00, 0.000000E+00, 0.000000E+00, 0.000000E+00, 0.000000E+00, 0.918991E+00, 0.000000E+00, 0.000000E+00, 0.000000E+00, 0.100000E+01, 0.551931E-01, 0.123799E-02, 0.532335E+05, 0.532335E+05, 0.393396E+05, 0.532335E+05, 0.000000E+00, 0.816474E-01, 0.000000E+00, 0.000000E+00, 0.000000E+00, 0.000000E+00, 0.000000E+00, 0.000000E+00, 0.000000E+00, 0.000000E+00, 0.000000E+00, 0.000000E+00, 0.000000E+00, 0.000000E+00, 0.000000E+00, 0.000000E+00, 0.000000E+00, 0.000000E+00, 0.000000E+00, 0.000000E+00, 0.000000E+00, 0.000000E+00, 0.000000E+00, 0.000000E+00, 0.000000E+00, 0.000000E+00, 0.000000E+00, 0.000000E+00, 0.000000E+00, 0.000000E+00, 0.000000E+00, 0.000000E+00, 0.000000E+00, 0.000000E+00, 0.000000E+00, 0.000000E+00, 0.000000E+00, 0.000000E+00                      
 0.650000E+03, 0.183190E+02, 0.247555E+03,-0.281995E+00, 0.100375E+06, 0.784736E+02, 0.208659E+02, 0.000000E+00, 0.000000E+00, 0.000000E+00, 0.000000E+00, 0.000000E+00, 0.660488E+00, 0.000000E+00, 0.000000E+00, 0.000000E+00, 0.212850E+02, 0.207882E+02, 0.347708E+01, 0.224160E+01,-0.438417E+00, 0.100375E+06, 0.778233E+02, 0.212602E+02, 0.000000E+00, 0.000000E+00, 0.000000E+00, 0.000000E+00, 0.000000E+00, 0.916466E+00, 0.000000E+00, 0.000000E+00, 0.000000E+00, 0.780761E+02, 0.210823E+02, 0.000000E+00, 0.000000E+00, 0.000000E+00, 0.000000E+00, 0.000000E+00, 0.841529E+00, 0.000000E+00, 0.000000E+00, 0.000000E+00, 0.214520E+02, 0.214635E+02, 0.323262E+01, 0.372482E+02,-0.500269E+00, 0.100374E+06, 0.779064E+02, 0.211768E+02, 0.000000E+00, 0.000000E+00, 0.000000E+00, 0.000000E+00, 0.000000E+00, 0.916866E+00, 0.000000E+00, 0.000000E+00, 0.000000E+00, 0.779270E+02, 0.211629E+02, 0.000000E+00, 0.000000E+00, 0.000000E+00, 0.000000E+00, 0.000000E+00, 0.910079E+00, 0.000000E+00, 0.000000E+00, 0.000000E+00, 0.499869E+02, 0.272687E+02, 0.121724E+00, 0.312862E+03, 0.992634E+04, 0.110301E+06, 0.772817E+02, 0.190692E+02, 0.125507E+01, 0.164114E-01, 0.000000E+00, 0.000000E+00, 0.000000E+00, 0.228346E+01, 0.175411E+01, 0.175411E+01, 0.000000E+00, 0.779100E+02, 0.211656E+02, 0.000000E+00, 0.000000E+00, 0.000000E+00, 0.000000E+00, 0.000000E+00, 0.924458E+00, 0.000000E+00, 0.000000E+00, 0.000000E+00, 0.191285E+02, 0.678132E+03,-0.464232E+00, 0.100375E+06, 0.782879E+02, 0.209661E+02, 0.000000E+00, 0.000000E+00, 0.000000E+00, 0.000000E+00, 0.000000E+00, 0.745986E+00, 0.000000E+00, 0.000000E+00, 0.000000E+00, 0.216042E+02, 0.216326E+02, 0.693247E+01, 0.660509E+01,-0.150471E+03, 0.100183E+06, 0.778860E+02, 0.211886E+02, 0.000000E+00, 0.000000E+00, 0.000000E+00, 0.000000E+00, 0.000000E+00, 0.925462E+00, 0.000000E+00, 0.000000E+00, 0.000000E+00, 0.778843E+02, 0.211901E+02, 0.000000E+00, 0.000000E+00, 0.000000E+00, 0.000000E+00, 0.000000E+00, 0.925530E+00, 0.000000E+00, 0.000000E+00, 0.000000E+00, 0.215024E+02, 0.215246E+02, 0.342025E+01, 0.111091E+02,-0.150467E+03, 0.100183E+06, 0.778901E+02, 0.211846E+02, 0.000000E+00, 0.000000E+00, 0.000000E+00, 0.000000E+00, 0.000000E+00, 0.925287E+00, 0.000000E+00, 0.000000E+00, 0.000000E+00, 0.778845E+02, 0.211900E+02, 0.000000E+00, 0.000000E+00, 0.000000E+00, 0.000000E+00, 0.000000E+00, 0.925525E+00, 0.000000E+00, 0.000000E+00, 0.000000E+00, 0.215471E+02, 0.215721E+02, 0.349907E+01, 0.864685E-01,-0.155640E+03, 0.100178E+06, 0.778933E+02, 0.211815E+02, 0.000000E+00, 0.000000E+00, 0.000000E+00, 0.000000E+00, 0.000000E+00, 0.925154E+00, 0.000000E+00, 0.000000E+00, 0.000000E+00, 0.778845E+02, 0.211900E+02, 0.000000E+00, 0.000000E+00, 0.000000E+00, 0.000000E+00, 0.000000E+00, 0.925525E+00, 0.000000E+00, 0.000000E+00, 0.000000E+00, 0.214042E+02, 0.205613E+02, 0.301458E+01, 0.676227E+02, 0.690011E+00, 0.100293E+06, 0.778776E+02, 0.212013E+02, 0.000000E+00, 0.000000E+00, 0.000000E+00, 0.000000E+00, 0.000000E+00, 0.921080E+00, 0.000000E+00, 0.000000E+00, 0.000000E+00, 0.781079E+02, 0.210659E+02, 0.000000E+00, 0.000000E+00, 0.000000E+00, 0.000000E+00, 0.000000E+00, 0.826212E+00, 0.000000E+00, 0.000000E+00, 0.000000E+00, 0.215535E+02, 0.215786E+02, 0.347807E+01, 0.203085E+01, 0.649939E+00, 0.100292E+06, 0.779130E+02, 0.211761E+02, 0.000000E+00, 0.000000E+00, 0.000000E+00, 0.000000E+00, 0.000000E+00, 0.910926E+00, 0.000000E+00, 0.000000E+00, 0.000000E+00, 0.778923E+02, 0.211890E+02, 0.000000E+00, 0.000000E+00, 0.000000E+00, 0.000000E+00, 0.000000E+00, 0.918679E+00, 0.000000E+00, 0.000000E+00, 0.000000E+00, 0.100000E+01, 0.671777E-01, 0.118518E-02, 0.509627E+05, 0.509627E+05, 0.376615E+05, 0.509627E+05, 0.000000E+00, 0.617297E-01, 0.000000E+00, 0.000000E+00, 0.000000E+00, 0.000000E+00, 0.000000E+00, 0.000000E+00, 0.000000E+00, 0.000000E+00, 0.000000E+00, 0.000000E+00, 0.000000E+00, 0.000000E+00, 0.000000E+00, 0.000000E+00, 0.000000E+00, 0.000000E+00, 0.000000E+00, 0.000000E+00, 0.000000E+00, 0.000000E+00, 0.000000E+00, 0.000000E+00, 0.000000E+00, 0.000000E+00, 0.000000E+00, 0.000000E+00, 0.000000E+00, 0.000000E+00, 0.000000E+00, 0.000000E+00, 0.000000E+00, 0.000000E+00, 0.000000E+00, 0.000000E+00, 0.000000E+00, 0.000000E+00                      
 0.660000E+03, 0.183078E+02, 0.247555E+03,-0.281272E+00, 0.100375E+06, 0.784781E+02, 0.208635E+02, 0.000000E+00, 0.000000E+00, 0.000000E+00, 0.000000E+00, 0.000000E+00, 0.658484E+00, 0.000000E+00, 0.000000E+00, 0.000000E+00, 0.212778E+02, 0.207716E+02, 0.347708E+01, 0.224154E+01,-0.437296E+00, 0.100375E+06, 0.778233E+02, 0.212602E+02, 0.000000E+00, 0.000000E+00, 0.000000E+00, 0.000000E+00, 0.000000E+00, 0.916466E+00, 0.000000E+00, 0.000000E+00, 0.000000E+00, 0.780802E+02, 0.210801E+02, 0.000000E+00, 0.000000E+00, 0.000000E+00, 0.000000E+00, 0.000000E+00, 0.839689E+00, 0.000000E+00, 0.000000E+00, 0.000000E+00, 0.214426E+02, 0.214534E+02, 0.323252E+01, 0.372616E+02,-0.499319E+00, 0.100375E+06, 0.779064E+02, 0.211767E+02, 0.000000E+00, 0.000000E+00, 0.000000E+00, 0.000000E+00, 0.000000E+00, 0.916836E+00, 0.000000E+00, 0.000000E+00, 0.000000E+00, 0.779283E+02, 0.211622E+02, 0.000000E+00, 0.000000E+00, 0.000000E+00, 0.000000E+00, 0.000000E+00, 0.909471E+00, 0.000000E+00, 0.000000E+00, 0.000000E+00, 0.492993E+02, 0.271540E+02, 0.120002E+00, 0.313022E+03, 0.970549E+04, 0.110080E+06, 0.772794E+02, 0.190605E+02, 0.126017E+01, 0.164782E-01, 0.000000E+00, 0.000000E+00, 0.801365E-20, 0.228899E+01, 0.176148E+01, 0.176148E+01, 0.000000E+00, 0.779037E+02, 0.211716E+02, 0.000000E+00, 0.000000E+00, 0.000000E+00, 0.000000E+00, 0.000000E+00, 0.924719E+00, 0.000000E+00, 0.000000E+00, 0.000000E+00, 0.191126E+02, 0.678132E+03,-0.462991E+00, 0.100375E+06, 0.782916E+02, 0.209641E+02, 0.000000E+00, 0.000000E+00, 0.000000E+00, 0.000000E+00, 0.000000E+00, 0.744310E+00, 0.000000E+00, 0.000000E+00, 0.000000E+00, 0.215977E+02, 0.216261E+02, 0.693122E+01, 0.672735E+01,-0.152796E+03, 0.100181E+06, 0.778859E+02, 0.211886E+02, 0.000000E+00, 0.000000E+00, 0.000000E+00, 0.000000E+00, 0.000000E+00, 0.925463E+00, 0.000000E+00, 0.000000E+00, 0.000000E+00, 0.778843E+02, 0.211901E+02, 0.000000E+00, 0.000000E+00, 0.000000E+00, 0.000000E+00, 0.000000E+00, 0.925530E+00, 0.000000E+00, 0.000000E+00, 0.000000E+00, 0.214952E+02, 0.215174E+02, 0.341838E+01, 0.113699E+02,-0.152792E+03, 0.100181E+06, 0.778900E+02, 0.211847E+02, 0.000000E+00, 0.000000E+00, 0.000000E+00, 0.000000E+00, 0.000000E+00, 0.925292E+00, 0.000000E+00, 0.000000E+00, 0.000000E+00, 0.778845E+02, 0.211900E+02, 0.000000E+00, 0.000000E+00, 0.000000E+00, 0.000000E+00, 0.000000E+00, 0.925525E+00, 0.000000E+00, 0.000000E+00, 0.000000E+00, 0.215402E+02, 0.215651E+02, 0.349906E+01, 0.872932E-01,-0.158018E+03, 0.100175E+06, 0.778932E+02, 0.211816E+02, 0.000000E+00, 0.000000E+00, 0.000000E+00, 0.000000E+00, 0.000000E+00, 0.925158E+00, 0.000000E+00, 0.000000E+00, 0.000000E+00, 0.778845E+02, 0.211900E+02, 0.000000E+00, 0.000000E+00, 0.000000E+00, 0.000000E+00, 0.000000E+00, 0.925525E+00, 0.000000E+00, 0.000000E+00, 0.000000E+00, 0.213974E+02, 0.205436E+02, 0.300701E+01, 0.686775E+02, 0.687988E+00, 0.100293E+06, 0.778778E+02, 0.212011E+02, 0.000000E+00, 0.000000E+00, 0.000000E+00, 0.000000E+00, 0.000000E+00, 0.921039E+00, 0.000000E+00, 0.000000E+00, 0.000000E+00, 0.781124E+02, 0.210634E+02, 0.000000E+00, 0.000000E+00, 0.000000E+00, 0.000000E+00, 0.000000E+00, 0.824222E+00, 0.000000E+00, 0.000000E+00, 0.000000E+00, 0.215451E+02, 0.215700E+02, 0.347806E+01, 0.203199E+01, 0.647557E+00, 0.100292E+06, 0.779130E+02, 0.211761E+02, 0.000000E+00, 0.000000E+00, 0.000000E+00, 0.000000E+00, 0.000000E+00, 0.910913E+00, 0.000000E+00, 0.000000E+00, 0.000000E+00, 0.778931E+02, 0.211886E+02, 0.000000E+00, 0.000000E+00, 0.000000E+00, 0.000000E+00, 0.000000E+00, 0.918360E+00, 0.000000E+00, 0.000000E+00, 0.000000E+00, 0.100000E+01, 0.228253E-02, 0.113462E-02, 0.487889E+05, 0.487889E+05, 0.360550E+05, 0.704125E+04, 0.417476E+05, 0.421563E-01, 0.000000E+00, 0.000000E+00, 0.000000E+00, 0.000000E+00, 0.000000E+00, 0.000000E+00, 0.000000E+00, 0.000000E+00, 0.000000E+00, 0.000000E+00, 0.000000E+00, 0.000000E+00, 0.000000E+00, 0.000000E+00, 0.000000E+00, 0.000000E+00, 0.000000E+00, 0.000000E+00, 0.000000E+00, 0.000000E+00, 0.000000E+00, 0.000000E+00, 0.000000E+00, 0.000000E+00, 0.000000E+00, 0.000000E+00, 0.000000E+00, 0.000000E+00, 0.000000E+00, 0.000000E+00, 0.000000E+00, 0.000000E+00, 0.000000E+00, 0.000000E+00, 0.000000E+00, 0.000000E+00                      
 0.670000E+03, 0.182971E+02, 0.247555E+03,-0.280573E+00, 0.100375E+06, 0.784824E+02, 0.208611E+02, 0.000000E+00, 0.000000E+00, 0.000000E+00, 0.000000E+00, 0.000000E+00, 0.656518E+00, 0.000000E+00, 0.000000E+00, 0.000000E+00, 0.212706E+02, 0.207552E+02, 0.347708E+01, 0.224149E+01,-0.436200E+00, 0.100375E+06, 0.778233E+02, 0.212602E+02, 0.000000E+00, 0.000000E+00, 0.000000E+00, 0.000000E+00, 0.000000E+00, 0.916466E+00, 0.000000E+00, 0.000000E+00, 0.000000E+00, 0.780842E+02, 0.210779E+02, 0.000000E+00, 0.000000E+00, 0.000000E+00, 0.000000E+00, 0.000000E+00, 0.837850E+00, 0.000000E+00, 0.000000E+00, 0.000000E+00, 0.214333E+02, 0.214434E+02, 0.323243E+01, 0.372742E+02,-0.498388E+00, 0.100375E+06, 0.779065E+02, 0.211767E+02, 0.000000E+00, 0.000000E+00, 0.000000E+00, 0.000000E+00, 0.000000E+00, 0.916808E+00, 0.000000E+00, 0.000000E+00, 0.000000E+00, 0.779297E+02, 0.211615E+02, 0.000000E+00, 0.000000E+00, 0.000000E+00, 0.000000E+00, 0.000000E+00, 0.908853E+00, 0.000000E+00, 0.000000E+00, 0.000000E+00, 0.486350E+02, 0.270476E+02, 0.120002E+00, 0.313022E+03, 0.948875E+04, 0.109864E+06, 0.772767E+02, 0.190512E+02, 0.126571E+01, 0.165506E-01, 0.000000E+00, 0.000000E+00, 0.419544E-19, 0.229498E+01, 0.176939E+01, 0.176939E+01, 0.000000E+00, 0.779037E+02, 0.211716E+02, 0.000000E+00, 0.000000E+00, 0.000000E+00, 0.000000E+00, 0.000000E+00, 0.924719E+00, 0.000000E+00, 0.000000E+00, 0.000000E+00, 0.190970E+02, 0.678132E+03,-0.461784E+00, 0.100375E+06, 0.782952E+02, 0.209621E+02, 0.000000E+00, 0.000000E+00, 0.000000E+00, 0.000000E+00, 0.000000E+00, 0.742660E+00, 0.000000E+00, 0.000000E+00, 0.000000E+00, 0.215912E+02, 0.216195E+02, 0.692997E+01, 0.684947E+01,-0.155109E+03, 0.100178E+06, 0.778859E+02, 0.211886E+02, 0.000000E+00, 0.000000E+00, 0.000000E+00, 0.000000E+00, 0.000000E+00, 0.925464E+00, 0.000000E+00, 0.000000E+00, 0.000000E+00, 0.778843E+02, 0.211901E+02, 0.000000E+00, 0.000000E+00, 0.000000E+00, 0.000000E+00, 0.000000E+00, 0.925530E+00, 0.000000E+00, 0.000000E+00, 0.000000E+00, 0.214881E+02, 0.215102E+02, 0.341650E+01, 0.116317E+02,-0.155105E+03, 0.100178E+06, 0.778899E+02, 0.211848E+02, 0.000000E+00, 0.000000E+00, 0.000000E+00, 0.000000E+00, 0.000000E+00, 0.925297E+00, 0.000000E+00, 0.000000E+00, 0.000000E+00, 0.778845E+02, 0.211900E+02, 0.000000E+00, 0.000000E+00, 0.000000E+00, 0.000000E+00, 0.000000E+00, 0.925525E+00, 0.000000E+00, 0.000000E+00, 0.000000E+00, 0.215333E+02, 0.215582E+02, 0.349905E+01, 0.881125E-01,-0.160383E+03, 0.100173E+06, 0.778931E+02, 0.211817E+02, 0.000000E+00, 0.000000E+00, 0.000000E+00, 0.000000E+00, 0.000000E+00, 0.925162E+00, 0.000000E+00, 0.000000E+00, 0.000000E+00, 0.778845E+02, 0.211900E+02, 0.000000E+00, 0.000000E+00, 0.000000E+00, 0.000000E+00, 0.000000E+00, 0.925525E+00, 0.000000E+00, 0.000000E+00, 0.000000E+00, 0.213907E+02, 0.205263E+02, 0.299940E+01, 0.697372E+02, 0.686030E+00, 0.100293E+06, 0.778781E+02, 0.212009E+02, 0.000000E+00, 0.000000E+00, 0.000000E+00, 0.000000E+00, 0.000000E+00, 0.920995E+00, 0.000000E+00, 0.000000E+00, 0.000000E+00, 0.781168E+02, 0.210609E+02, 0.000000E+00, 0.000000E+00, 0.000000E+00, 0.000000E+00, 0.000000E+00, 0.822238E+00, 0.000000E+00, 0.000000E+00, 0.000000E+00, 0.215367E+02, 0.215614E+02, 0.347805E+01, 0.203310E+01, 0.645250E+00, 0.100292E+06, 0.779130E+02, 0.211761E+02, 0.000000E+00, 0.000000E+00, 0.000000E+00, 0.000000E+00, 0.000000E+00, 0.910901E+00, 0.000000E+00, 0.000000E+00, 0.000000E+00, 0.778938E+02, 0.211881E+02, 0.000000E+00, 0.000000E+00, 0.000000E+00, 0.000000E+00, 0.000000E+00, 0.918034E+00, 0.000000E+00, 0.000000E+00, 0.000000E+00, 0.100000E+01, 0.226733E-02, 0.108623E-02, 0.467077E+05, 0.467077E+05, 0.345170E+05, 0.699435E+04, 0.397133E+05, 0.229213E-01, 0.000000E+00, 0.000000E+00, 0.000000E+00, 0.000000E+00, 0.000000E+00, 0.000000E+00, 0.000000E+00, 0.000000E+00, 0.000000E+00, 0.000000E+00, 0.000000E+00, 0.000000E+00, 0.000000E+00, 0.000000E+00, 0.000000E+00, 0.000000E+00, 0.000000E+00, 0.000000E+00, 0.000000E+00, 0.000000E+00, 0.000000E+00, 0.000000E+00, 0.000000E+00, 0.000000E+00, 0.000000E+00, 0.000000E+00, 0.000000E+00, 0.000000E+00, 0.000000E+00, 0.000000E+00, 0.000000E+00, 0.000000E+00, 0.000000E+00, 0.000000E+00, 0.000000E+00, 0.000000E+00                      
 0.680000E+03, 0.182867E+02, 0.247555E+03,-0.279898E+00, 0.100375E+06, 0.784867E+02, 0.208587E+02, 0.000000E+00, 0.000000E+00, 0.000000E+00, 0.000000E+00, 0.000000E+00, 0.654588E+00, 0.000000E+00, 0.000000E+00, 0.000000E+00, 0.212635E+02, 0.207392E+02, 0.347708E+01, 0.224143E+01,-0.435126E+00, 0.100375E+06, 0.778233E+02, 0.212602E+02, 0.000000E+00, 0.000000E+00, 0.000000E+00, 0.000000E+00, 0.000000E+00, 0.916466E+00, 0.000000E+00, 0.000000E+00, 0.000000E+00, 0.780883E+02, 0.210757E+02, 0.000000E+00, 0.000000E+00, 0.000000E+00, 0.000000E+00, 0.000000E+00, 0.836013E+00, 0.000000E+00, 0.000000E+00, 0.000000E+00, 0.214241E+02, 0.214335E+02, 0.323235E+01, 0.372860E+02,-0.497474E+00, 0.100375E+06, 0.779066E+02, 0.211767E+02, 0.000000E+00, 0.000000E+00, 0.000000E+00, 0.000000E+00, 0.000000E+00, 0.916781E+00, 0.000000E+00, 0.000000E+00, 0.000000E+00, 0.779310E+02, 0.211607E+02, 0.000000E+00, 0.000000E+00, 0.000000E+00, 0.000000E+00, 0.000000E+00, 0.908226E+00, 0.000000E+00, 0.000000E+00, 0.000000E+00, 0.479836E+02, 0.269482E+02, 0.120002E+00, 0.313022E+03, 0.927619E+04, 0.109651E+06, 0.772741E+02, 0.190423E+02, 0.127100E+01, 0.166198E-01, 0.000000E+00, 0.000000E+00, 0.900231E-19, 0.230071E+01, 0.177696E+01, 0.177696E+01, 0.000000E+00, 0.779037E+02, 0.211716E+02, 0.000000E+00, 0.000000E+00, 0.000000E+00, 0.000000E+00, 0.000000E+00, 0.924719E+00, 0.000000E+00, 0.000000E+00, 0.000000E+00, 0.190819E+02, 0.678132E+03,-0.460608E+00, 0.100375E+06, 0.782988E+02, 0.209601E+02, 0.000000E+00, 0.000000E+00, 0.000000E+00, 0.000000E+00, 0.000000E+00, 0.741036E+00, 0.000000E+00, 0.000000E+00, 0.000000E+00, 0.215847E+02, 0.216130E+02, 0.692872E+01, 0.697144E+01,-0.157411E+03, 0.100176E+06, 0.778859E+02, 0.211887E+02, 0.000000E+00, 0.000000E+00, 0.000000E+00, 0.000000E+00, 0.000000E+00, 0.925465E+00, 0.000000E+00, 0.000000E+00, 0.000000E+00, 0.778843E+02, 0.211901E+02, 0.000000E+00, 0.000000E+00, 0.000000E+00, 0.000000E+00, 0.000000E+00, 0.925530E+00, 0.000000E+00, 0.000000E+00, 0.000000E+00, 0.214811E+02, 0.215031E+02, 0.341462E+01, 0.118943E+02,-0.157407E+03, 0.100176E+06, 0.778898E+02, 0.211849E+02, 0.000000E+00, 0.000000E+00, 0.000000E+00, 0.000000E+00, 0.000000E+00, 0.925302E+00, 0.000000E+00, 0.000000E+00, 0.000000E+00, 0.778845E+02, 0.211900E+02, 0.000000E+00, 0.000000E+00, 0.000000E+00, 0.000000E+00, 0.000000E+00, 0.925525E+00, 0.000000E+00, 0.000000E+00, 0.000000E+00, 0.215265E+02, 0.215512E+02, 0.349904E+01, 0.889265E-01,-0.162733E+03, 0.100171E+06, 0.778931E+02, 0.211818E+02, 0.000000E+00, 0.000000E+00, 0.000000E+00, 0.000000E+00, 0.000000E+00, 0.925165E+00, 0.000000E+00, 0.000000E+00, 0.000000E+00, 0.778845E+02, 0.211900E+02, 0.000000E+00, 0.000000E+00, 0.000000E+00, 0.000000E+00, 0.000000E+00, 0.925525E+00, 0.000000E+00, 0.000000E+00, 0.000000E+00, 0.213841E+02, 0.205092E+02, 0.299176E+01, 0.708017E+02, 0.684132E+00, 0.100293E+06, 0.778783E+02, 0.212007E+02, 0.000000E+00, 0.000000E+00, 0.000000E+00, 0.000000E+00, 0.000000E+00, 0.920947E+00, 0.000000E+00, 0.000000E+00, 0.000000E+00, 0.781213E+02, 0.210585E+02, 0.000000E+00, 0.000000E+00, 0.000000E+00, 0.000000E+00, 0.000000E+00, 0.820260E+00, 0.000000E+00, 0.000000E+00, 0.000000E+00, 0.215283E+02, 0.215529E+02, 0.347804E+01, 0.203418E+01, 0.643016E+00, 0.100292E+06, 0.779131E+02, 0.211760E+02, 0.000000E+00, 0.000000E+00, 0.000000E+00, 0.000000E+00, 0.000000E+00, 0.910889E+00, 0.000000E+00, 0.000000E+00, 0.000000E+00, 0.778946E+02, 0.211877E+02, 0.000000E+00, 0.000000E+00, 0.000000E+00, 0.000000E+00, 0.000000E+00, 0.917700E+00, 0.000000E+00, 0.000000E+00, 0.000000E+00, 0.100000E+01, 0.224446E-02, 0.103989E-02, 0.447153E+05, 0.447153E+05, 0.330446E+05, 0.692379E+04, 0.377915E+05, 0.401871E-02, 0.000000E+00, 0.000000E+00, 0.000000E+00, 0.000000E+00, 0.000000E+00, 0.000000E+00, 0.000000E+00, 0.000000E+00, 0.000000E+00, 0.000000E+00, 0.000000E+00, 0.000000E+00, 0.000000E+00, 0.000000E+00, 0.000000E+00, 0.000000E+00, 0.000000E+00, 0.000000E+00, 0.000000E+00, 0.000000E+00, 0.000000E+00, 0.000000E+00, 0.000000E+00, 0.000000E+00, 0.000000E+00, 0.000000E+00, 0.000000E+00, 0.000000E+00, 0.000000E+00, 0.000000E+00, 0.000000E+00, 0.000000E+00, 0.000000E+00, 0.000000E+00, 0.000000E+00, 0.000000E+00                      
 0.690000E+03, 0.182766E+02, 0.247555E+03,-0.279245E+00, 0.100375E+06, 0.784909E+02, 0.208564E+02, 0.000000E+00, 0.000000E+00, 0.000000E+00, 0.000000E+00, 0.000000E+00, 0.652693E+00, 0.000000E+00, 0.000000E+00, 0.000000E+00, 0.212564E+02, 0.207235E+02, 0.347708E+01, 0.224138E+01,-0.434075E+00, 0.100375E+06, 0.778233E+02, 0.212602E+02, 0.000000E+00, 0.000000E+00, 0.000000E+00, 0.000000E+00, 0.000000E+00, 0.916466E+00, 0.000000E+00, 0.000000E+00, 0.000000E+00, 0.780923E+02, 0.210735E+02, 0.000000E+00, 0.000000E+00, 0.000000E+00, 0.000000E+00, 0.000000E+00, 0.834178E+00, 0.000000E+00, 0.000000E+00, 0.000000E+00, 0.214150E+02, 0.214236E+02, 0.323227E+01, 0.372971E+02,-0.496578E+00, 0.100375E+06, 0.779066E+02, 0.211766E+02, 0.000000E+00, 0.000000E+00, 0.000000E+00, 0.000000E+00, 0.000000E+00, 0.916754E+00, 0.000000E+00, 0.000000E+00, 0.000000E+00, 0.779324E+02, 0.211600E+02, 0.000000E+00, 0.000000E+00, 0.000000E+00, 0.000000E+00, 0.000000E+00, 0.907589E+00, 0.000000E+00, 0.000000E+00, 0.000000E+00, 0.473454E+02, 0.268541E+02, 0.120002E+00, 0.313022E+03, 0.906792E+04, 0.109443E+06, 0.772716E+02, 0.190338E+02, 0.127607E+01, 0.166861E-01, 0.000000E+00, 0.000000E+00, 0.130072E-18, 0.230619E+01, 0.178421E+01, 0.178421E+01, 0.000000E+00, 0.779037E+02, 0.211715E+02, 0.000000E+00, 0.000000E+00, 0.000000E+00, 0.000000E+00, 0.000000E+00, 0.924718E+00, 0.000000E+00, 0.000000E+00, 0.000000E+00, 0.190672E+02, 0.678132E+03,-0.459462E+00, 0.100375E+06, 0.783023E+02, 0.209582E+02, 0.000000E+00, 0.000000E+00, 0.000000E+00, 0.000000E+00, 0.000000E+00, 0.739437E+00, 0.000000E+00, 0.000000E+00, 0.000000E+00, 0.215782E+02, 0.216066E+02, 0.692748E+01, 0.709326E+01,-0.159700E+03, 0.100174E+06, 0.778859E+02, 0.211887E+02, 0.000000E+00, 0.000000E+00, 0.000000E+00, 0.000000E+00, 0.000000E+00, 0.925467E+00, 0.000000E+00, 0.000000E+00, 0.000000E+00, 0.778843E+02, 0.211901E+02, 0.000000E+00, 0.000000E+00, 0.000000E+00, 0.000000E+00, 0.000000E+00, 0.925530E+00, 0.000000E+00, 0.000000E+00, 0.000000E+00, 0.214741E+02, 0.214960E+02, 0.341273E+01, 0.121577E+02,-0.159696E+03, 0.100174E+06, 0.778897E+02, 0.211850E+02, 0.000000E+00, 0.000000E+00, 0.000000E+00, 0.000000E+00, 0.000000E+00, 0.925307E+00, 0.000000E+00, 0.000000E+00, 0.000000E+00, 0.778845E+02, 0.211900E+02, 0.000000E+00, 0.000000E+00, 0.000000E+00, 0.000000E+00, 0.000000E+00, 0.925525E+00, 0.000000E+00, 0.000000E+00, 0.000000E+00, 0.215197E+02, 0.215444E+02, 0.349903E+01, 0.897351E-01,-0.165070E+03, 0.100168E+06, 0.778930E+02, 0.211819E+02, 0.000000E+00, 0.000000E+00, 0.000000E+00, 0.000000E+00, 0.000000E+00, 0.925169E+00, 0.000000E+00, 0.000000E+00, 0.000000E+00, 0.778845E+02, 0.211900E+02, 0.000000E+00, 0.000000E+00, 0.000000E+00, 0.000000E+00, 0.000000E+00, 0.925525E+00, 0.000000E+00, 0.000000E+00, 0.000000E+00, 0.213774E+02, 0.204925E+02, 0.298409E+01, 0.718706E+02, 0.682294E+00, 0.100293E+06, 0.778786E+02, 0.212005E+02, 0.000000E+00, 0.000000E+00, 0.000000E+00, 0.000000E+00, 0.000000E+00, 0.920895E+00, 0.000000E+00, 0.000000E+00, 0.000000E+00, 0.781257E+02, 0.210560E+02, 0.000000E+00, 0.000000E+00, 0.000000E+00, 0.000000E+00, 0.000000E+00, 0.818289E+00, 0.000000E+00, 0.000000E+00, 0.000000E+00, 0.215200E+02, 0.215443E+02, 0.347802E+01, 0.203522E+01, 0.640853E+00, 0.100292E+06, 0.779131E+02, 0.211760E+02, 0.000000E+00, 0.000000E+00, 0.000000E+00, 0.000000E+00, 0.000000E+00, 0.910878E+00, 0.000000E+00, 0.000000E+00, 0.000000E+00, 0.778954E+02, 0.211872E+02, 0.000000E+00, 0.000000E+00, 0.000000E+00, 0.000000E+00, 0.000000E+00, 0.917360E+00, 0.000000E+00, 0.000000E+00, 0.000000E+00, 0.100000E+01, 0.220997E-02, 0.995532E-03, 0.428079E+05, 0.428079E+05, 0.316350E+05, 0.681739E+04, 0.359905E+05, 0.000000E+00, 0.000000E+00, 0.000000E+00, 0.000000E+00, 0.000000E+00, 0.000000E+00, 0.000000E+00, 0.000000E+00, 0.000000E+00, 0.000000E+00, 0.000000E+00, 0.000000E+00, 0.000000E+00, 0.000000E+00, 0.000000E+00, 0.000000E+00, 0.000000E+00, 0.000000E+00, 0.000000E+00, 0.000000E+00, 0.000000E+00, 0.000000E+00, 0.000000E+00, 0.000000E+00, 0.000000E+00, 0.000000E+00, 0.000000E+00, 0.000000E+00, 0.000000E+00, 0.000000E+00, 0.000000E+00, 0.000000E+00, 0.000000E+00, 0.000000E+00, 0.000000E+00, 0.000000E+00, 0.000000E+00                      
 0.700000E+03, 0.182669E+02, 0.247555E+03,-0.278613E+00, 0.100375E+06, 0.784950E+02, 0.208541E+02, 0.000000E+00, 0.000000E+00, 0.000000E+00, 0.000000E+00, 0.000000E+00, 0.650833E+00, 0.000000E+00, 0.000000E+00, 0.000000E+00, 0.212494E+02, 0.207080E+02, 0.347708E+01, 0.224133E+01,-0.433046E+00, 0.100375E+06, 0.778233E+02, 0.212602E+02, 0.000000E+00, 0.000000E+00, 0.000000E+00, 0.000000E+00, 0.000000E+00, 0.916466E+00, 0.000000E+00, 0.000000E+00, 0.000000E+00, 0.780963E+02, 0.210713E+02, 0.000000E+00, 0.000000E+00, 0.000000E+00, 0.000000E+00, 0.000000E+00, 0.832346E+00, 0.000000E+00, 0.000000E+00, 0.000000E+00, 0.214060E+02, 0.214138E+02, 0.323219E+01, 0.373075E+02,-0.495698E+00, 0.100375E+06, 0.779067E+02, 0.211766E+02, 0.000000E+00, 0.000000E+00, 0.000000E+00, 0.000000E+00, 0.000000E+00, 0.916729E+00, 0.000000E+00, 0.000000E+00, 0.000000E+00, 0.779338E+02, 0.211592E+02, 0.000000E+00, 0.000000E+00, 0.000000E+00, 0.000000E+00, 0.000000E+00, 0.906943E+00, 0.000000E+00, 0.000000E+00, 0.000000E+00, 0.467211E+02, 0.267638E+02, 0.120002E+00, 0.313022E+03, 0.886406E+04, 0.109239E+06, 0.772693E+02, 0.190256E+02, 0.128092E+01, 0.167494E-01, 0.000000E+00, 0.000000E+00, 0.167997E-18, 0.231144E+01, 0.179115E+01, 0.179115E+01, 0.000000E+00, 0.779037E+02, 0.211715E+02, 0.000000E+00, 0.000000E+00, 0.000000E+00, 0.000000E+00, 0.000000E+00, 0.924718E+00, 0.000000E+00, 0.000000E+00, 0.000000E+00, 0.190528E+02, 0.678132E+03,-0.458346E+00, 0.100375E+06, 0.783058E+02, 0.209563E+02, 0.000000E+00, 0.000000E+00, 0.000000E+00, 0.000000E+00, 0.000000E+00, 0.737862E+00, 0.000000E+00, 0.000000E+00, 0.000000E+00, 0.215718E+02, 0.216001E+02, 0.692623E+01, 0.721492E+01,-0.161978E+03, 0.100171E+06, 0.778858E+02, 0.211887E+02, 0.000000E+00, 0.000000E+00, 0.000000E+00, 0.000000E+00, 0.000000E+00, 0.925468E+00, 0.000000E+00, 0.000000E+00, 0.000000E+00, 0.778843E+02, 0.211901E+02, 0.000000E+00, 0.000000E+00, 0.000000E+00, 0.000000E+00, 0.000000E+00, 0.925530E+00, 0.000000E+00, 0.000000E+00, 0.000000E+00, 0.214671E+02, 0.214890E+02, 0.341083E+01, 0.124219E+02,-0.161974E+03, 0.100171E+06, 0.778896E+02, 0.211851E+02, 0.000000E+00, 0.000000E+00, 0.000000E+00, 0.000000E+00, 0.000000E+00, 0.925311E+00, 0.000000E+00, 0.000000E+00, 0.000000E+00, 0.778845E+02, 0.211900E+02, 0.000000E+00, 0.000000E+00, 0.000000E+00, 0.000000E+00, 0.000000E+00, 0.925525E+00, 0.000000E+00, 0.000000E+00, 0.000000E+00, 0.215129E+02, 0.215375E+02, 0.349902E+01, 0.905384E-01,-0.167393E+03, 0.100166E+06, 0.778929E+02, 0.211819E+02, 0.000000E+00, 0.000000E+00, 0.000000E+00, 0.000000E+00, 0.000000E+00, 0.925172E+00, 0.000000E+00, 0.000000E+00, 0.000000E+00, 0.778845E+02, 0.211900E+02, 0.000000E+00, 0.000000E+00, 0.000000E+00, 0.000000E+00, 0.000000E+00, 0.925525E+00, 0.000000E+00, 0.000000E+00, 0.000000E+00, 0.213709E+02, 0.204761E+02, 0.297638E+01, 0.729439E+02, 0.680512E+00, 0.100293E+06, 0.778789E+02, 0.212003E+02, 0.000000E+00, 0.000000E+00, 0.000000E+00, 0.000000E+00, 0.000000E+00, 0.920839E+00, 0.000000E+00, 0.000000E+00, 0.000000E+00, 0.781301E+02, 0.210536E+02, 0.000000E+00, 0.000000E+00, 0.000000E+00, 0.000000E+00, 0.000000E+00, 0.816325E+00, 0.000000E+00, 0.000000E+00, 0.000000E+00, 0.215117E+02, 0.215358E+02, 0.347801E+01, 0.203623E+01, 0.638757E+00, 0.100292E+06, 0.779131E+02, 0.211760E+02, 0.000000E+00, 0.000000E+00, 0.000000E+00, 0.000000E+00, 0.000000E+00, 0.910867E+00, 0.000000E+00, 0.000000E+00, 0.000000E+00, 0.778962E+02, 0.211868E+02, 0.000000E+00, 0.000000E+00, 0.000000E+00, 0.000000E+00, 0.000000E+00, 0.917012E+00, 0.000000E+00, 0.000000E+00, 0.000000E+00, 0.100000E+01, 0.217070E-02, 0.953066E-03, 0.409818E+05, 0.409818E+05, 0.302856E+05, 0.669626E+04, 0.342856E+05, 0.000000E+00, 0.000000E+00, 0.000000E+00, 0.000000E+00, 0.000000E+00, 0.000000E+00, 0.000000E+00, 0.000000E+00, 0.000000E+00, 0.000000E+00, 0.000000E+00, 0.000000E+00, 0.000000E+00, 0.000000E+00, 0.000000E+00, 0.000000E+00, 0.000000E+00, 0.000000E+00, 0.000000E+00, 0.000000E+00, 0.000000E+00, 0.000000E+00, 0.000000E+00, 0.000000E+00, 0.000000E+00, 0.000000E+00, 0.000000E+00, 0.000000E+00, 0.000000E+00, 0.000000E+00, 0.000000E+00, 0.000000E+00, 0.000000E+00, 0.000000E+00, 0.000000E+00, 0.000000E+00, 0.000000E+00                      
 0.710000E+03, 0.182575E+02, 0.247555E+03,-0.278002E+00, 0.100375E+06, 0.784991E+02, 0.208519E+02, 0.000000E+00, 0.000000E+00, 0.000000E+00, 0.000000E+00, 0.000000E+00, 0.649007E+00, 0.000000E+00, 0.000000E+00, 0.000000E+00, 0.212425E+02, 0.206928E+02, 0.347708E+01, 0.224127E+01,-0.432038E+00, 0.100375E+06, 0.778233E+02, 0.212602E+02, 0.000000E+00, 0.000000E+00, 0.000000E+00, 0.000000E+00, 0.000000E+00, 0.916466E+00, 0.000000E+00, 0.000000E+00, 0.000000E+00, 0.781003E+02, 0.210692E+02, 0.000000E+00, 0.000000E+00, 0.000000E+00, 0.000000E+00, 0.000000E+00, 0.830516E+00, 0.000000E+00, 0.000000E+00, 0.000000E+00, 0.213970E+02, 0.214040E+02, 0.323212E+01, 0.373173E+02,-0.494835E+00, 0.100375E+06, 0.779067E+02, 0.211766E+02, 0.000000E+00, 0.000000E+00, 0.000000E+00, 0.000000E+00, 0.000000E+00, 0.916704E+00, 0.000000E+00, 0.000000E+00, 0.000000E+00, 0.779353E+02, 0.211585E+02, 0.000000E+00, 0.000000E+00, 0.000000E+00, 0.000000E+00, 0.000000E+00, 0.906288E+00, 0.000000E+00, 0.000000E+00, 0.000000E+00, 0.461105E+02, 0.266766E+02, 0.120002E+00, 0.313022E+03, 0.866462E+04, 0.109040E+06, 0.772670E+02, 0.190178E+02, 0.128555E+01, 0.168101E-01, 0.000000E+00, 0.000000E+00, 0.182000E-18, 0.231646E+01, 0.179779E+01, 0.179779E+01, 0.000000E+00, 0.779037E+02, 0.211715E+02, 0.000000E+00, 0.000000E+00, 0.000000E+00, 0.000000E+00, 0.000000E+00, 0.924718E+00, 0.000000E+00, 0.000000E+00, 0.000000E+00, 0.190389E+02, 0.678132E+03,-0.457258E+00, 0.100375E+06, 0.783092E+02, 0.209545E+02, 0.000000E+00, 0.000000E+00, 0.000000E+00, 0.000000E+00, 0.000000E+00, 0.736312E+00, 0.000000E+00, 0.000000E+00, 0.000000E+00, 0.215654E+02, 0.215937E+02, 0.692499E+01, 0.733643E+01,-0.164244E+03, 0.100169E+06, 0.778858E+02, 0.211887E+02, 0.000000E+00, 0.000000E+00, 0.000000E+00, 0.000000E+00, 0.000000E+00, 0.925469E+00, 0.000000E+00, 0.000000E+00, 0.000000E+00, 0.778843E+02, 0.211901E+02, 0.000000E+00, 0.000000E+00, 0.000000E+00, 0.000000E+00, 0.000000E+00, 0.925530E+00, 0.000000E+00, 0.000000E+00, 0.000000E+00, 0.214602E+02, 0.214820E+02, 0.340893E+01, 0.126868E+02,-0.164239E+03, 0.100169E+06, 0.778895E+02, 0.211852E+02, 0.000000E+00, 0.000000E+00, 0.000000E+00, 0.000000E+00, 0.000000E+00, 0.925315E+00, 0.000000E+00, 0.000000E+00, 0.000000E+00, 0.778845E+02, 0.211900E+02, 0.000000E+00, 0.000000E+00, 0.000000E+00, 0.000000E+00, 0.000000E+00, 0.925525E+00, 0.000000E+00, 0.000000E+00, 0.000000E+00, 0.215062E+02, 0.215307E+02, 0.349901E+01, 0.913363E-01,-0.169703E+03, 0.100164E+06, 0.778928E+02, 0.211820E+02, 0.000000E+00, 0.000000E+00, 0.000000E+00, 0.000000E+00, 0.000000E+00, 0.925176E+00, 0.000000E+00, 0.000000E+00, 0.000000E+00, 0.778845E+02, 0.211900E+02, 0.000000E+00, 0.000000E+00, 0.000000E+00, 0.000000E+00, 0.000000E+00, 0.925525E+00, 0.000000E+00, 0.000000E+00, 0.000000E+00, 0.213643E+02, 0.204600E+02, 0.296865E+01, 0.740214E+02, 0.678784E+00, 0.100293E+06, 0.778791E+02, 0.212001E+02, 0.000000E+00, 0.000000E+00, 0.000000E+00, 0.000000E+00, 0.000000E+00, 0.920779E+00, 0.000000E+00, 0.000000E+00, 0.000000E+00, 0.781345E+02, 0.210512E+02, 0.000000E+00, 0.000000E+00, 0.000000E+00, 0.000000E+00, 0.000000E+00, 0.814369E+00, 0.000000E+00, 0.000000E+00, 0.000000E+00, 0.215034E+02, 0.215273E+02, 0.347800E+01, 0.203721E+01, 0.636726E+00, 0.100292E+06, 0.779131E+02, 0.211760E+02, 0.000000E+00, 0.000000E+00, 0.000000E+00, 0.000000E+00, 0.000000E+00, 0.910857E+00, 0.000000E+00, 0.000000E+00, 0.000000E+00, 0.778970E+02, 0.211863E+02, 0.000000E+00, 0.000000E+00, 0.000000E+00, 0.000000E+00, 0.000000E+00, 0.916658E+00, 0.000000E+00, 0.000000E+00, 0.000000E+00, 0.100000E+01, 0.212931E-02, 0.912412E-03, 0.392337E+05, 0.392337E+05, 0.289937E+05, 0.656858E+04, 0.326651E+05, 0.000000E+00, 0.000000E+00, 0.000000E+00, 0.000000E+00, 0.000000E+00, 0.000000E+00, 0.000000E+00, 0.000000E+00, 0.000000E+00, 0.000000E+00, 0.000000E+00, 0.000000E+00, 0.000000E+00, 0.000000E+00, 0.000000E+00, 0.000000E+00, 0.000000E+00, 0.000000E+00, 0.000000E+00, 0.000000E+00, 0.000000E+00, 0.000000E+00, 0.000000E+00, 0.000000E+00, 0.000000E+00, 0.000000E+00, 0.000000E+00, 0.000000E+00, 0.000000E+00, 0.000000E+00, 0.000000E+00, 0.000000E+00, 0.000000E+00, 0.000000E+00, 0.000000E+00, 0.000000E+00, 0.000000E+00                      
 0.720000E+03, 0.182484E+02, 0.247555E+03,-0.277410E+00, 0.100375E+06, 0.785031E+02, 0.208497E+02, 0.000000E+00, 0.000000E+00, 0.000000E+00, 0.000000E+00, 0.000000E+00, 0.647213E+00, 0.000000E+00, 0.000000E+00, 0.000000E+00, 0.212356E+02, 0.206779E+02, 0.347709E+01, 0.224122E+01,-0.431051E+00, 0.100375E+06, 0.778233E+02, 0.212602E+02, 0.000000E+00, 0.000000E+00, 0.000000E+00, 0.000000E+00, 0.000000E+00, 0.916466E+00, 0.000000E+00, 0.000000E+00, 0.000000E+00, 0.781043E+02, 0.210670E+02, 0.000000E+00, 0.000000E+00, 0.000000E+00, 0.000000E+00, 0.000000E+00, 0.828690E+00, 0.000000E+00, 0.000000E+00, 0.000000E+00, 0.213882E+02, 0.213943E+02, 0.323206E+01, 0.373266E+02,-0.493987E+00, 0.100375E+06, 0.779068E+02, 0.211765E+02, 0.000000E+00, 0.000000E+00, 0.000000E+00, 0.000000E+00, 0.000000E+00, 0.916680E+00, 0.000000E+00, 0.000000E+00, 0.000000E+00, 0.779367E+02, 0.211577E+02, 0.000000E+00, 0.000000E+00, 0.000000E+00, 0.000000E+00, 0.000000E+00, 0.905625E+00, 0.000000E+00, 0.000000E+00, 0.000000E+00, 0.455135E+02, 0.265923E+02, 0.120002E+00, 0.313022E+03, 0.846958E+04, 0.108845E+06, 0.772648E+02, 0.190103E+02, 0.128999E+01, 0.168681E-01, 0.000000E+00, 0.000000E+00, 0.181984E-18, 0.232126E+01, 0.180415E+01, 0.180415E+01, 0.000000E+00, 0.779037E+02, 0.211715E+02, 0.000000E+00, 0.000000E+00, 0.000000E+00, 0.000000E+00, 0.000000E+00, 0.924718E+00, 0.000000E+00, 0.000000E+00, 0.000000E+00, 0.190253E+02, 0.678132E+03,-0.456197E+00, 0.100375E+06, 0.783126E+02, 0.209526E+02, 0.000000E+00, 0.000000E+00, 0.000000E+00, 0.000000E+00, 0.000000E+00, 0.734785E+00, 0.000000E+00, 0.000000E+00, 0.000000E+00, 0.215590E+02, 0.215873E+02, 0.692375E+01, 0.745779E+01,-0.166497E+03, 0.100167E+06, 0.778858E+02, 0.211887E+02, 0.000000E+00, 0.000000E+00, 0.000000E+00, 0.000000E+00, 0.000000E+00, 0.925470E+00, 0.000000E+00, 0.000000E+00, 0.000000E+00, 0.778843E+02, 0.211901E+02, 0.000000E+00, 0.000000E+00, 0.000000E+00, 0.000000E+00, 0.000000E+00, 0.925530E+00, 0.000000E+00, 0.000000E+00, 0.000000E+00, 0.214533E+02, 0.214751E+02, 0.340702E+01, 0.129523E+02,-0.166493E+03, 0.100167E+06, 0.778894E+02, 0.211853E+02, 0.000000E+00, 0.000000E+00, 0.000000E+00, 0.000000E+00, 0.000000E+00, 0.925319E+00, 0.000000E+00, 0.000000E+00, 0.000000E+00, 0.778845E+02, 0.211900E+02, 0.000000E+00, 0.000000E+00, 0.000000E+00, 0.000000E+00, 0.000000E+00, 0.925525E+00, 0.000000E+00, 0.000000E+00, 0.000000E+00, 0.214995E+02, 0.215240E+02, 0.349901E+01, 0.921289E-01,-0.171998E+03, 0.100161E+06, 0.778927E+02, 0.211821E+02, 0.000000E+00, 0.000000E+00, 0.000000E+00, 0.000000E+00, 0.000000E+00, 0.925179E+00, 0.000000E+00, 0.000000E+00, 0.000000E+00, 0.778845E+02, 0.211900E+02, 0.000000E+00, 0.000000E+00, 0.000000E+00, 0.000000E+00, 0.000000E+00, 0.925525E+00, 0.000000E+00, 0.000000E+00, 0.000000E+00, 0.213578E+02, 0.204442E+02, 0.296088E+01, 0.751029E+02, 0.677107E+00, 0.100293E+06, 0.778794E+02, 0.211999E+02, 0.000000E+00, 0.000000E+00, 0.000000E+00, 0.000000E+00, 0.000000E+00, 0.920716E+00, 0.000000E+00, 0.000000E+00, 0.000000E+00, 0.781388E+02, 0.210488E+02, 0.000000E+00, 0.000000E+00, 0.000000E+00, 0.000000E+00, 0.000000E+00, 0.812420E+00, 0.000000E+00, 0.000000E+00, 0.000000E+00, 0.214951E+02, 0.215189E+02, 0.347799E+01, 0.203817E+01, 0.634758E+00, 0.100292E+06, 0.779132E+02, 0.211760E+02, 0.000000E+00, 0.000000E+00, 0.000000E+00, 0.000000E+00, 0.000000E+00, 0.910846E+00, 0.000000E+00, 0.000000E+00, 0.000000E+00, 0.778979E+02, 0.211858E+02, 0.000000E+00, 0.000000E+00, 0.000000E+00, 0.000000E+00, 0.000000E+00, 0.916297E+00, 0.000000E+00, 0.000000E+00, 0.000000E+00, 0.100000E+01, 0.208642E-02, 0.873491E-03, 0.375601E+05, 0.375601E+05, 0.277569E+05, 0.643627E+04, 0.311238E+05, 0.000000E+00, 0.000000E+00, 0.000000E+00, 0.000000E+00, 0.000000E+00, 0.000000E+00, 0.000000E+00, 0.000000E+00, 0.000000E+00, 0.000000E+00, 0.000000E+00, 0.000000E+00, 0.000000E+00, 0.000000E+00, 0.000000E+00, 0.000000E+00, 0.000000E+00, 0.000000E+00, 0.000000E+00, 0.000000E+00, 0.000000E+00, 0.000000E+00, 0.000000E+00, 0.000000E+00, 0.000000E+00, 0.000000E+00, 0.000000E+00, 0.000000E+00, 0.000000E+00, 0.000000E+00, 0.000000E+00, 0.000000E+00, 0.000000E+00, 0.000000E+00, 0.000000E+00, 0.000000E+00, 0.000000E+00                      
 0.730000E+03, 0.182396E+02, 0.247555E+03,-0.276837E+00, 0.100375E+06, 0.785070E+02, 0.208476E+02, 0.000000E+00, 0.000000E+00, 0.000000E+00, 0.000000E+00, 0.000000E+00, 0.645452E+00, 0.000000E+00, 0.000000E+00, 0.000000E+00, 0.212287E+02, 0.206632E+02, 0.347709E+01, 0.224117E+01,-0.430085E+00, 0.100375E+06, 0.778233E+02, 0.212602E+02, 0.000000E+00, 0.000000E+00, 0.000000E+00, 0.000000E+00, 0.000000E+00, 0.916466E+00, 0.000000E+00, 0.000000E+00, 0.000000E+00, 0.781083E+02, 0.210648E+02, 0.000000E+00, 0.000000E+00, 0.000000E+00, 0.000000E+00, 0.000000E+00, 0.826867E+00, 0.000000E+00, 0.000000E+00, 0.000000E+00, 0.213795E+02, 0.213847E+02, 0.323199E+01, 0.373354E+02,-0.493155E+00, 0.100375E+06, 0.779068E+02, 0.211765E+02, 0.000000E+00, 0.000000E+00, 0.000000E+00, 0.000000E+00, 0.000000E+00, 0.916657E+00, 0.000000E+00, 0.000000E+00, 0.000000E+00, 0.779382E+02, 0.211569E+02, 0.000000E+00, 0.000000E+00, 0.000000E+00, 0.000000E+00, 0.000000E+00, 0.904952E+00, 0.000000E+00, 0.000000E+00, 0.000000E+00, 0.449303E+02, 0.265104E+02, 0.120002E+00, 0.313022E+03, 0.827893E+04, 0.108654E+06, 0.772628E+02, 0.190032E+02, 0.129424E+01, 0.169236E-01, 0.000000E+00, 0.000000E+00, 0.181969E-18, 0.232585E+01, 0.181024E+01, 0.181024E+01, 0.000000E+00, 0.779037E+02, 0.211715E+02, 0.000000E+00, 0.000000E+00, 0.000000E+00, 0.000000E+00, 0.000000E+00, 0.924718E+00, 0.000000E+00, 0.000000E+00, 0.000000E+00, 0.190121E+02, 0.678132E+03,-0.455163E+00, 0.100375E+06, 0.783159E+02, 0.209508E+02, 0.000000E+00, 0.000000E+00, 0.000000E+00, 0.000000E+00, 0.000000E+00, 0.733280E+00, 0.000000E+00, 0.000000E+00, 0.000000E+00, 0.215527E+02, 0.215809E+02, 0.692251E+01, 0.757898E+01,-0.168739E+03, 0.100165E+06, 0.778858E+02, 0.211888E+02, 0.000000E+00, 0.000000E+00, 0.000000E+00, 0.000000E+00, 0.000000E+00, 0.925471E+00, 0.000000E+00, 0.000000E+00, 0.000000E+00, 0.778843E+02, 0.211901E+02, 0.000000E+00, 0.000000E+00, 0.000000E+00, 0.000000E+00, 0.000000E+00, 0.925530E+00, 0.000000E+00, 0.000000E+00, 0.000000E+00, 0.214465E+02, 0.214682E+02, 0.340511E+01, 0.132185E+02,-0.168735E+03, 0.100165E+06, 0.778893E+02, 0.211854E+02, 0.000000E+00, 0.000000E+00, 0.000000E+00, 0.000000E+00, 0.000000E+00, 0.925323E+00, 0.000000E+00, 0.000000E+00, 0.000000E+00, 0.778845E+02, 0.211900E+02, 0.000000E+00, 0.000000E+00, 0.000000E+00, 0.000000E+00, 0.000000E+00, 0.925525E+00, 0.000000E+00, 0.000000E+00, 0.000000E+00, 0.214929E+02, 0.215173E+02, 0.349900E+01, 0.929163E-01,-0.174281E+03, 0.100159E+06, 0.778926E+02, 0.211822E+02, 0.000000E+00, 0.000000E+00, 0.000000E+00, 0.000000E+00, 0.000000E+00, 0.925182E+00, 0.000000E+00, 0.000000E+00, 0.000000E+00, 0.778845E+02, 0.211900E+02, 0.000000E+00, 0.000000E+00, 0.000000E+00, 0.000000E+00, 0.000000E+00, 0.925525E+00, 0.000000E+00, 0.000000E+00, 0.000000E+00, 0.213514E+02, 0.204287E+02, 0.295309E+01, 0.761883E+02, 0.675481E+00, 0.100293E+06, 0.778797E+02, 0.211997E+02, 0.000000E+00, 0.000000E+00, 0.000000E+00, 0.000000E+00, 0.000000E+00, 0.920650E+00, 0.000000E+00, 0.000000E+00, 0.000000E+00, 0.781432E+02, 0.210464E+02, 0.000000E+00, 0.000000E+00, 0.000000E+00, 0.000000E+00, 0.000000E+00, 0.810480E+00, 0.000000E+00, 0.000000E+00, 0.000000E+00, 0.214869E+02, 0.215105E+02, 0.347798E+01, 0.203910E+01, 0.632850E+00, 0.100292E+06, 0.779132E+02, 0.211760E+02, 0.000000E+00, 0.000000E+00, 0.000000E+00, 0.000000E+00, 0.000000E+00, 0.910836E+00, 0.000000E+00, 0.000000E+00, 0.000000E+00, 0.778987E+02, 0.211853E+02, 0.000000E+00, 0.000000E+00, 0.000000E+00, 0.000000E+00, 0.000000E+00, 0.915929E+00, 0.000000E+00, 0.000000E+00, 0.000000E+00, 0.100000E+01, 0.204253E-02, 0.836231E-03, 0.359579E+05, 0.359579E+05, 0.265729E+05, 0.630088E+04, 0.296571E+05, 0.000000E+00, 0.000000E+00, 0.000000E+00, 0.000000E+00, 0.000000E+00, 0.000000E+00, 0.000000E+00, 0.000000E+00, 0.000000E+00, 0.000000E+00, 0.000000E+00, 0.000000E+00, 0.000000E+00, 0.000000E+00, 0.000000E+00, 0.000000E+00, 0.000000E+00, 0.000000E+00, 0.000000E+00, 0.000000E+00, 0.000000E+00, 0.000000E+00, 0.000000E+00, 0.000000E+00, 0.000000E+00, 0.000000E+00, 0.000000E+00, 0.000000E+00, 0.000000E+00, 0.000000E+00, 0.000000E+00, 0.000000E+00, 0.000000E+00, 0.000000E+00, 0.000000E+00, 0.000000E+00, 0.000000E+00                      
 0.740000E+03, 0.182310E+02, 0.247555E+03,-0.276281E+00, 0.100375E+06, 0.785108E+02, 0.208455E+02, 0.000000E+00, 0.000000E+00, 0.000000E+00, 0.000000E+00, 0.000000E+00, 0.643722E+00, 0.000000E+00, 0.000000E+00, 0.000000E+00, 0.212219E+02, 0.206488E+02, 0.347709E+01, 0.224112E+01,-0.429139E+00, 0.100375E+06, 0.778233E+02, 0.212602E+02, 0.000000E+00, 0.000000E+00, 0.000000E+00, 0.000000E+00, 0.000000E+00, 0.916466E+00, 0.000000E+00, 0.000000E+00, 0.000000E+00, 0.781123E+02, 0.210626E+02, 0.000000E+00, 0.000000E+00, 0.000000E+00, 0.000000E+00, 0.000000E+00, 0.825048E+00, 0.000000E+00, 0.000000E+00, 0.000000E+00, 0.213709E+02, 0.213751E+02, 0.323193E+01, 0.373437E+02,-0.492338E+00, 0.100375E+06, 0.779069E+02, 0.211765E+02, 0.000000E+00, 0.000000E+00, 0.000000E+00, 0.000000E+00, 0.000000E+00, 0.916634E+00, 0.000000E+00, 0.000000E+00, 0.000000E+00, 0.779397E+02, 0.211561E+02, 0.000000E+00, 0.000000E+00, 0.000000E+00, 0.000000E+00, 0.000000E+00, 0.904271E+00, 0.000000E+00, 0.000000E+00, 0.000000E+00, 0.443605E+02, 0.264309E+02, 0.120002E+00, 0.313022E+03, 0.809263E+04, 0.108468E+06, 0.772608E+02, 0.189963E+02, 0.129830E+01, 0.169768E-01, 0.000000E+00, 0.000000E+00, 0.181955E-18, 0.233025E+01, 0.181607E+01, 0.181607E+01, 0.000000E+00, 0.779037E+02, 0.211715E+02, 0.000000E+00, 0.000000E+00, 0.000000E+00, 0.000000E+00, 0.000000E+00, 0.924718E+00, 0.000000E+00, 0.000000E+00, 0.000000E+00, 0.189992E+02, 0.678132E+03,-0.454154E+00, 0.100375E+06, 0.783191E+02, 0.209491E+02, 0.000000E+00, 0.000000E+00, 0.000000E+00, 0.000000E+00, 0.000000E+00, 0.731799E+00, 0.000000E+00, 0.000000E+00, 0.000000E+00, 0.215463E+02, 0.215745E+02, 0.692127E+01, 0.770001E+01,-0.170969E+03, 0.100162E+06, 0.778857E+02, 0.211888E+02, 0.000000E+00, 0.000000E+00, 0.000000E+00, 0.000000E+00, 0.000000E+00, 0.925472E+00, 0.000000E+00, 0.000000E+00, 0.000000E+00, 0.778843E+02, 0.211901E+02, 0.000000E+00, 0.000000E+00, 0.000000E+00, 0.000000E+00, 0.000000E+00, 0.925530E+00, 0.000000E+00, 0.000000E+00, 0.000000E+00, 0.214398E+02, 0.214614E+02, 0.340320E+01, 0.134853E+02,-0.170965E+03, 0.100162E+06, 0.778892E+02, 0.211855E+02, 0.000000E+00, 0.000000E+00, 0.000000E+00, 0.000000E+00, 0.000000E+00, 0.925327E+00, 0.000000E+00, 0.000000E+00, 0.000000E+00, 0.778845E+02, 0.211900E+02, 0.000000E+00, 0.000000E+00, 0.000000E+00, 0.000000E+00, 0.000000E+00, 0.925525E+00, 0.000000E+00, 0.000000E+00, 0.000000E+00, 0.214863E+02, 0.215106E+02, 0.349899E+01, 0.936983E-01,-0.176549E+03, 0.100157E+06, 0.778926E+02, 0.211822E+02, 0.000000E+00, 0.000000E+00, 0.000000E+00, 0.000000E+00, 0.000000E+00, 0.925185E+00, 0.000000E+00, 0.000000E+00, 0.000000E+00, 0.778845E+02, 0.211900E+02, 0.000000E+00, 0.000000E+00, 0.000000E+00, 0.000000E+00, 0.000000E+00, 0.925525E+00, 0.000000E+00, 0.000000E+00, 0.000000E+00, 0.213450E+02, 0.204135E+02, 0.294528E+01, 0.772773E+02, 0.673902E+00, 0.100293E+06, 0.778800E+02, 0.211995E+02, 0.000000E+00, 0.000000E+00, 0.000000E+00, 0.000000E+00, 0.000000E+00, 0.920579E+00, 0.000000E+00, 0.000000E+00, 0.000000E+00, 0.781475E+02, 0.210440E+02, 0.000000E+00, 0.000000E+00, 0.000000E+00, 0.000000E+00, 0.000000E+00, 0.808549E+00, 0.000000E+00, 0.000000E+00, 0.000000E+00, 0.214787E+02, 0.215021E+02, 0.347797E+01, 0.204000E+01, 0.630999E+00, 0.100292E+06, 0.779132E+02, 0.211760E+02, 0.000000E+00, 0.000000E+00, 0.000000E+00, 0.000000E+00, 0.000000E+00, 0.910826E+00, 0.000000E+00, 0.000000E+00, 0.000000E+00, 0.778996E+02, 0.211848E+02, 0.000000E+00, 0.000000E+00, 0.000000E+00, 0.000000E+00, 0.000000E+00, 0.915554E+00, 0.000000E+00, 0.000000E+00, 0.000000E+00, 0.100000E+01, 0.199802E-02, 0.800560E-03, 0.344241E+05, 0.344241E+05, 0.254394E+05, 0.616357E+04, 0.282605E+05, 0.000000E+00, 0.000000E+00, 0.000000E+00, 0.000000E+00, 0.000000E+00, 0.000000E+00, 0.000000E+00, 0.000000E+00, 0.000000E+00, 0.000000E+00, 0.000000E+00, 0.000000E+00, 0.000000E+00, 0.000000E+00, 0.000000E+00, 0.000000E+00, 0.000000E+00, 0.000000E+00, 0.000000E+00, 0.000000E+00, 0.000000E+00, 0.000000E+00, 0.000000E+00, 0.000000E+00, 0.000000E+00, 0.000000E+00, 0.000000E+00, 0.000000E+00, 0.000000E+00, 0.000000E+00, 0.000000E+00, 0.000000E+00, 0.000000E+00, 0.000000E+00, 0.000000E+00, 0.000000E+00, 0.000000E+00                      
 0.750000E+03, 0.182227E+02, 0.247555E+03,-0.275741E+00, 0.100375E+06, 0.785146E+02, 0.208434E+02, 0.000000E+00, 0.000000E+00, 0.000000E+00, 0.000000E+00, 0.000000E+00, 0.642022E+00, 0.000000E+00, 0.000000E+00, 0.000000E+00, 0.212152E+02, 0.206347E+02, 0.347709E+01, 0.224107E+01,-0.428213E+00, 0.100375E+06, 0.778233E+02, 0.212602E+02, 0.000000E+00, 0.000000E+00, 0.000000E+00, 0.000000E+00, 0.000000E+00, 0.916466E+00, 0.000000E+00, 0.000000E+00, 0.000000E+00, 0.781163E+02, 0.210604E+02, 0.000000E+00, 0.000000E+00, 0.000000E+00, 0.000000E+00, 0.000000E+00, 0.823232E+00, 0.000000E+00, 0.000000E+00, 0.000000E+00, 0.213624E+02, 0.213656E+02, 0.323188E+01, 0.373516E+02,-0.491534E+00, 0.100375E+06, 0.779069E+02, 0.211765E+02, 0.000000E+00, 0.000000E+00, 0.000000E+00, 0.000000E+00, 0.000000E+00, 0.916612E+00, 0.000000E+00, 0.000000E+00, 0.000000E+00, 0.779412E+02, 0.211552E+02, 0.000000E+00, 0.000000E+00, 0.000000E+00, 0.000000E+00, 0.000000E+00, 0.903582E+00, 0.000000E+00, 0.000000E+00, 0.000000E+00, 0.438042E+02, 0.263534E+02, 0.120002E+00, 0.313022E+03, 0.791066E+04, 0.108286E+06, 0.772589E+02, 0.189898E+02, 0.130219E+01, 0.170276E-01, 0.000000E+00, 0.000000E+00, 0.181940E-18, 0.233446E+01, 0.182165E+01, 0.182165E+01, 0.000000E+00, 0.779038E+02, 0.211715E+02, 0.000000E+00, 0.000000E+00, 0.000000E+00, 0.000000E+00, 0.000000E+00, 0.924718E+00, 0.000000E+00, 0.000000E+00, 0.000000E+00, 0.189866E+02, 0.678132E+03,-0.453169E+00, 0.100375E+06, 0.783223E+02, 0.209473E+02, 0.000000E+00, 0.000000E+00, 0.000000E+00, 0.000000E+00, 0.000000E+00, 0.730339E+00, 0.000000E+00, 0.000000E+00, 0.000000E+00, 0.215400E+02, 0.215682E+02, 0.692004E+01, 0.782088E+01,-0.173188E+03, 0.100160E+06, 0.778857E+02, 0.211888E+02, 0.000000E+00, 0.000000E+00, 0.000000E+00, 0.000000E+00, 0.000000E+00, 0.925473E+00, 0.000000E+00, 0.000000E+00, 0.000000E+00, 0.778843E+02, 0.211901E+02, 0.000000E+00, 0.000000E+00, 0.000000E+00, 0.000000E+00, 0.000000E+00, 0.925530E+00, 0.000000E+00, 0.000000E+00, 0.000000E+00, 0.214331E+02, 0.214546E+02, 0.340128E+01, 0.137526E+02,-0.173183E+03, 0.100160E+06, 0.778891E+02, 0.211856E+02, 0.000000E+00, 0.000000E+00, 0.000000E+00, 0.000000E+00, 0.000000E+00, 0.925331E+00, 0.000000E+00, 0.000000E+00, 0.000000E+00, 0.778845E+02, 0.211900E+02, 0.000000E+00, 0.000000E+00, 0.000000E+00, 0.000000E+00, 0.000000E+00, 0.925525E+00, 0.000000E+00, 0.000000E+00, 0.000000E+00, 0.214798E+02, 0.215040E+02, 0.349898E+01, 0.944752E-01,-0.178804E+03, 0.100155E+06, 0.778925E+02, 0.211823E+02, 0.000000E+00, 0.000000E+00, 0.000000E+00, 0.000000E+00, 0.000000E+00, 0.925188E+00, 0.000000E+00, 0.000000E+00, 0.000000E+00, 0.778845E+02, 0.211900E+02, 0.000000E+00, 0.000000E+00, 0.000000E+00, 0.000000E+00, 0.000000E+00, 0.925525E+00, 0.000000E+00, 0.000000E+00, 0.000000E+00, 0.213386E+02, 0.203985E+02, 0.293743E+01, 0.783698E+02, 0.672369E+00, 0.100293E+06, 0.778802E+02, 0.211992E+02, 0.000000E+00, 0.000000E+00, 0.000000E+00, 0.000000E+00, 0.000000E+00, 0.920505E+00, 0.000000E+00, 0.000000E+00, 0.000000E+00, 0.781518E+02, 0.210416E+02, 0.000000E+00, 0.000000E+00, 0.000000E+00, 0.000000E+00, 0.000000E+00, 0.806626E+00, 0.000000E+00, 0.000000E+00, 0.000000E+00, 0.214705E+02, 0.214937E+02, 0.347796E+01, 0.204088E+01, 0.629204E+00, 0.100292E+06, 0.779132E+02, 0.211760E+02, 0.000000E+00, 0.000000E+00, 0.000000E+00, 0.000000E+00, 0.000000E+00, 0.910817E+00, 0.000000E+00, 0.000000E+00, 0.000000E+00, 0.779005E+02, 0.211843E+02, 0.000000E+00, 0.000000E+00, 0.000000E+00, 0.000000E+00, 0.000000E+00, 0.915173E+00, 0.000000E+00, 0.000000E+00, 0.000000E+00, 0.100000E+01, 0.195319E-02, 0.766411E-03, 0.329557E+05, 0.329557E+05, 0.243542E+05, 0.602525E+04, 0.269304E+05, 0.000000E+00, 0.000000E+00, 0.000000E+00, 0.000000E+00, 0.000000E+00, 0.000000E+00, 0.000000E+00, 0.000000E+00, 0.000000E+00, 0.000000E+00, 0.000000E+00, 0.000000E+00, 0.000000E+00, 0.000000E+00, 0.000000E+00, 0.000000E+00, 0.000000E+00, 0.000000E+00, 0.000000E+00, 0.000000E+00, 0.000000E+00, 0.000000E+00, 0.000000E+00, 0.000000E+00, 0.000000E+00, 0.000000E+00, 0.000000E+00, 0.000000E+00, 0.000000E+00, 0.000000E+00, 0.000000E+00, 0.000000E+00, 0.000000E+00, 0.000000E+00, 0.000000E+00, 0.000000E+00, 0.000000E+00                      
 0.760000E+03, 0.182146E+02, 0.247555E+03,-0.275218E+00, 0.100375E+06, 0.785183E+02, 0.208413E+02, 0.000000E+00, 0.000000E+00, 0.000000E+00, 0.000000E+00, 0.000000E+00, 0.640352E+00, 0.000000E+00, 0.000000E+00, 0.000000E+00, 0.212085E+02, 0.206208E+02, 0.347709E+01, 0.224101E+01,-0.427305E+00, 0.100375E+06, 0.778233E+02, 0.212602E+02, 0.000000E+00, 0.000000E+00, 0.000000E+00, 0.000000E+00, 0.000000E+00, 0.916466E+00, 0.000000E+00, 0.000000E+00, 0.000000E+00, 0.781203E+02, 0.210583E+02, 0.000000E+00, 0.000000E+00, 0.000000E+00, 0.000000E+00, 0.000000E+00, 0.821421E+00, 0.000000E+00, 0.000000E+00, 0.000000E+00, 0.213541E+02, 0.213562E+02, 0.323182E+01, 0.373590E+02,-0.490745E+00, 0.100375E+06, 0.779070E+02, 0.211764E+02, 0.000000E+00, 0.000000E+00, 0.000000E+00, 0.000000E+00, 0.000000E+00, 0.916591E+00, 0.000000E+00, 0.000000E+00, 0.000000E+00, 0.779427E+02, 0.211544E+02, 0.000000E+00, 0.000000E+00, 0.000000E+00, 0.000000E+00, 0.000000E+00, 0.902884E+00, 0.000000E+00, 0.000000E+00, 0.000000E+00, 0.432611E+02, 0.262778E+02, 0.120002E+00, 0.313022E+03, 0.773295E+04, 0.108108E+06, 0.772571E+02, 0.189835E+02, 0.130591E+01, 0.170762E-01, 0.000000E+00, 0.000000E+00, 0.181927E-18, 0.233848E+01, 0.182699E+01, 0.182699E+01, 0.000000E+00, 0.779038E+02, 0.211715E+02, 0.000000E+00, 0.000000E+00, 0.000000E+00, 0.000000E+00, 0.000000E+00, 0.924717E+00, 0.000000E+00, 0.000000E+00, 0.000000E+00, 0.189743E+02, 0.678132E+03,-0.452209E+00, 0.100375E+06, 0.783255E+02, 0.209456E+02, 0.000000E+00, 0.000000E+00, 0.000000E+00, 0.000000E+00, 0.000000E+00, 0.728900E+00, 0.000000E+00, 0.000000E+00, 0.000000E+00, 0.215338E+02, 0.215619E+02, 0.691880E+01, 0.794158E+01,-0.175394E+03, 0.100158E+06, 0.778857E+02, 0.211888E+02, 0.000000E+00, 0.000000E+00, 0.000000E+00, 0.000000E+00, 0.000000E+00, 0.925474E+00, 0.000000E+00, 0.000000E+00, 0.000000E+00, 0.778843E+02, 0.211901E+02, 0.000000E+00, 0.000000E+00, 0.000000E+00, 0.000000E+00, 0.000000E+00, 0.925530E+00, 0.000000E+00, 0.000000E+00, 0.000000E+00, 0.214264E+02, 0.214478E+02, 0.339936E+01, 0.140204E+02,-0.175390E+03, 0.100158E+06, 0.778890E+02, 0.211857E+02, 0.000000E+00, 0.000000E+00, 0.000000E+00, 0.000000E+00, 0.000000E+00, 0.925335E+00, 0.000000E+00, 0.000000E+00, 0.000000E+00, 0.778845E+02, 0.211900E+02, 0.000000E+00, 0.000000E+00, 0.000000E+00, 0.000000E+00, 0.000000E+00, 0.925525E+00, 0.000000E+00, 0.000000E+00, 0.000000E+00, 0.214732E+02, 0.214974E+02, 0.349897E+01, 0.952468E-01,-0.181045E+03, 0.100152E+06, 0.778924E+02, 0.211824E+02, 0.000000E+00, 0.000000E+00, 0.000000E+00, 0.000000E+00, 0.000000E+00, 0.925191E+00, 0.000000E+00, 0.000000E+00, 0.000000E+00, 0.778845E+02, 0.211900E+02, 0.000000E+00, 0.000000E+00, 0.000000E+00, 0.000000E+00, 0.000000E+00, 0.925525E+00, 0.000000E+00, 0.000000E+00, 0.000000E+00, 0.213322E+02, 0.203838E+02, 0.292957E+01, 0.794657E+02, 0.670880E+00, 0.100293E+06, 0.778805E+02, 0.211990E+02, 0.000000E+00, 0.000000E+00, 0.000000E+00, 0.000000E+00, 0.000000E+00, 0.920428E+00, 0.000000E+00, 0.000000E+00, 0.000000E+00, 0.781561E+02, 0.210392E+02, 0.000000E+00, 0.000000E+00, 0.000000E+00, 0.000000E+00, 0.000000E+00, 0.804712E+00, 0.000000E+00, 0.000000E+00, 0.000000E+00, 0.214623E+02, 0.214853E+02, 0.347795E+01, 0.204174E+01, 0.627462E+00, 0.100292E+06, 0.779132E+02, 0.211760E+02, 0.000000E+00, 0.000000E+00, 0.000000E+00, 0.000000E+00, 0.000000E+00, 0.910808E+00, 0.000000E+00, 0.000000E+00, 0.000000E+00, 0.779014E+02, 0.211838E+02, 0.000000E+00, 0.000000E+00, 0.000000E+00, 0.000000E+00, 0.000000E+00, 0.914785E+00, 0.000000E+00, 0.000000E+00, 0.000000E+00, 0.100000E+01, 0.190826E-02, 0.733718E-03, 0.315499E+05, 0.315499E+05, 0.233154E+05, 0.588667E+04, 0.256632E+05, 0.000000E+00, 0.000000E+00, 0.000000E+00, 0.000000E+00, 0.000000E+00, 0.000000E+00, 0.000000E+00, 0.000000E+00, 0.000000E+00, 0.000000E+00, 0.000000E+00, 0.000000E+00, 0.000000E+00, 0.000000E+00, 0.000000E+00, 0.000000E+00, 0.000000E+00, 0.000000E+00, 0.000000E+00, 0.000000E+00, 0.000000E+00, 0.000000E+00, 0.000000E+00, 0.000000E+00, 0.000000E+00, 0.000000E+00, 0.000000E+00, 0.000000E+00, 0.000000E+00, 0.000000E+00, 0.000000E+00, 0.000000E+00, 0.000000E+00, 0.000000E+00, 0.000000E+00, 0.000000E+00, 0.000000E+00                      
 0.770000E+03, 0.182068E+02, 0.247555E+03,-0.274710E+00, 0.100375E+06, 0.785219E+02, 0.208393E+02, 0.000000E+00, 0.000000E+00, 0.000000E+00, 0.000000E+00, 0.000000E+00, 0.638711E+00, 0.000000E+00, 0.000000E+00, 0.000000E+00, 0.212019E+02, 0.206071E+02, 0.347709E+01, 0.224096E+01,-0.426416E+00, 0.100375E+06, 0.778233E+02, 0.212602E+02, 0.000000E+00, 0.000000E+00, 0.000000E+00, 0.000000E+00, 0.000000E+00, 0.916466E+00, 0.000000E+00, 0.000000E+00, 0.000000E+00, 0.781243E+02, 0.210561E+02, 0.000000E+00, 0.000000E+00, 0.000000E+00, 0.000000E+00, 0.000000E+00, 0.819613E+00, 0.000000E+00, 0.000000E+00, 0.000000E+00, 0.213459E+02, 0.213468E+02, 0.323177E+01, 0.373661E+02,-0.489969E+00, 0.100375E+06, 0.779070E+02, 0.211764E+02, 0.000000E+00, 0.000000E+00, 0.000000E+00, 0.000000E+00, 0.000000E+00, 0.916570E+00, 0.000000E+00, 0.000000E+00, 0.000000E+00, 0.779442E+02, 0.211536E+02, 0.000000E+00, 0.000000E+00, 0.000000E+00, 0.000000E+00, 0.000000E+00, 0.902178E+00, 0.000000E+00, 0.000000E+00, 0.000000E+00, 0.427312E+02, 0.262041E+02, 0.120002E+00, 0.313022E+03, 0.755948E+04, 0.107934E+06, 0.772554E+02, 0.189776E+02, 0.130947E+01, 0.171228E-01, 0.000000E+00, 0.000000E+00, 0.181913E-18, 0.234233E+01, 0.183210E+01, 0.183210E+01, 0.000000E+00, 0.779038E+02, 0.211715E+02, 0.000000E+00, 0.000000E+00, 0.000000E+00, 0.000000E+00, 0.000000E+00, 0.924717E+00, 0.000000E+00, 0.000000E+00, 0.000000E+00, 0.189624E+02, 0.678132E+03,-0.451271E+00, 0.100375E+06, 0.783286E+02, 0.209439E+02, 0.000000E+00, 0.000000E+00, 0.000000E+00, 0.000000E+00, 0.000000E+00, 0.727483E+00, 0.000000E+00, 0.000000E+00, 0.000000E+00, 0.215275E+02, 0.215556E+02, 0.691757E+01, 0.806211E+01,-0.177589E+03, 0.100156E+06, 0.778857E+02, 0.211889E+02, 0.000000E+00, 0.000000E+00, 0.000000E+00, 0.000000E+00, 0.000000E+00, 0.925474E+00, 0.000000E+00, 0.000000E+00, 0.000000E+00, 0.778843E+02, 0.211901E+02, 0.000000E+00, 0.000000E+00, 0.000000E+00, 0.000000E+00, 0.000000E+00, 0.925530E+00, 0.000000E+00, 0.000000E+00, 0.000000E+00, 0.214198E+02, 0.214411E+02, 0.339743E+01, 0.142887E+02,-0.177584E+03, 0.100156E+06, 0.778889E+02, 0.211857E+02, 0.000000E+00, 0.000000E+00, 0.000000E+00, 0.000000E+00, 0.000000E+00, 0.925338E+00, 0.000000E+00, 0.000000E+00, 0.000000E+00, 0.778845E+02, 0.211900E+02, 0.000000E+00, 0.000000E+00, 0.000000E+00, 0.000000E+00, 0.000000E+00, 0.925525E+00, 0.000000E+00, 0.000000E+00, 0.000000E+00, 0.214668E+02, 0.214908E+02, 0.349896E+01, 0.960132E-01,-0.183273E+03, 0.100150E+06, 0.778924E+02, 0.211824E+02, 0.000000E+00, 0.000000E+00, 0.000000E+00, 0.000000E+00, 0.000000E+00, 0.925194E+00, 0.000000E+00, 0.000000E+00, 0.000000E+00, 0.778845E+02, 0.211900E+02, 0.000000E+00, 0.000000E+00, 0.000000E+00, 0.000000E+00, 0.000000E+00, 0.925525E+00, 0.000000E+00, 0.000000E+00, 0.000000E+00, 0.213259E+02, 0.203694E+02, 0.292168E+01, 0.805649E+02, 0.669432E+00, 0.100293E+06, 0.778808E+02, 0.211988E+02, 0.000000E+00, 0.000000E+00, 0.000000E+00, 0.000000E+00, 0.000000E+00, 0.920347E+00, 0.000000E+00, 0.000000E+00, 0.000000E+00, 0.781603E+02, 0.210369E+02, 0.000000E+00, 0.000000E+00, 0.000000E+00, 0.000000E+00, 0.000000E+00, 0.802808E+00, 0.000000E+00, 0.000000E+00, 0.000000E+00, 0.214542E+02, 0.214770E+02, 0.347794E+01, 0.204257E+01, 0.625772E+00, 0.100292E+06, 0.779133E+02, 0.211759E+02, 0.000000E+00, 0.000000E+00, 0.000000E+00, 0.000000E+00, 0.000000E+00, 0.910798E+00, 0.000000E+00, 0.000000E+00, 0.000000E+00, 0.779023E+02, 0.211833E+02, 0.000000E+00, 0.000000E+00, 0.000000E+00, 0.000000E+00, 0.000000E+00, 0.914390E+00, 0.000000E+00, 0.000000E+00, 0.000000E+00, 0.100000E+01, 0.186343E-02, 0.702421E-03, 0.302041E+05, 0.302041E+05, 0.223208E+05, 0.574838E+04, 0.244557E+05, 0.000000E+00, 0.000000E+00, 0.000000E+00, 0.000000E+00, 0.000000E+00, 0.000000E+00, 0.000000E+00, 0.000000E+00, 0.000000E+00, 0.000000E+00, 0.000000E+00, 0.000000E+00, 0.000000E+00, 0.000000E+00, 0.000000E+00, 0.000000E+00, 0.000000E+00, 0.000000E+00, 0.000000E+00, 0.000000E+00, 0.000000E+00, 0.000000E+00, 0.000000E+00, 0.000000E+00, 0.000000E+00, 0.000000E+00, 0.000000E+00, 0.000000E+00, 0.000000E+00, 0.000000E+00, 0.000000E+00, 0.000000E+00, 0.000000E+00, 0.000000E+00, 0.000000E+00, 0.000000E+00, 0.000000E+00                      
 0.780000E+03, 0.181992E+02, 0.247555E+03,-0.274216E+00, 0.100375E+06, 0.785255E+02, 0.208374E+02, 0.000000E+00, 0.000000E+00, 0.000000E+00, 0.000000E+00, 0.000000E+00, 0.637099E+00, 0.000000E+00, 0.000000E+00, 0.000000E+00, 0.211953E+02, 0.205937E+02, 0.347709E+01, 0.224091E+01,-0.425546E+00, 0.100375E+06, 0.778233E+02, 0.212602E+02, 0.000000E+00, 0.000000E+00, 0.000000E+00, 0.000000E+00, 0.000000E+00, 0.916466E+00, 0.000000E+00, 0.000000E+00, 0.000000E+00, 0.781283E+02, 0.210539E+02, 0.000000E+00, 0.000000E+00, 0.000000E+00, 0.000000E+00, 0.000000E+00, 0.817810E+00, 0.000000E+00, 0.000000E+00, 0.000000E+00, 0.213380E+02, 0.213375E+02, 0.323172E+01, 0.373729E+02,-0.489206E+00, 0.100375E+06, 0.779071E+02, 0.211764E+02, 0.000000E+00, 0.000000E+00, 0.000000E+00, 0.000000E+00, 0.000000E+00, 0.916549E+00, 0.000000E+00, 0.000000E+00, 0.000000E+00, 0.779458E+02, 0.211527E+02, 0.000000E+00, 0.000000E+00, 0.000000E+00, 0.000000E+00, 0.000000E+00, 0.901465E+00, 0.000000E+00, 0.000000E+00, 0.000000E+00, 0.422141E+02, 0.261320E+02, 0.120002E+00, 0.313022E+03, 0.739017E+04, 0.107765E+06, 0.772537E+02, 0.189718E+02, 0.131287E+01, 0.171673E-01, 0.000000E+00, 0.000000E+00, 0.181900E-18, 0.234602E+01, 0.183700E+01, 0.183700E+01, 0.000000E+00, 0.779038E+02, 0.211715E+02, 0.000000E+00, 0.000000E+00, 0.000000E+00, 0.000000E+00, 0.000000E+00, 0.924717E+00, 0.000000E+00, 0.000000E+00, 0.000000E+00, 0.189507E+02, 0.678132E+03,-0.450355E+00, 0.100375E+06, 0.783317E+02, 0.209422E+02, 0.000000E+00, 0.000000E+00, 0.000000E+00, 0.000000E+00, 0.000000E+00, 0.726086E+00, 0.000000E+00, 0.000000E+00, 0.000000E+00, 0.215213E+02, 0.215494E+02, 0.691634E+01, 0.818248E+01,-0.179772E+03, 0.100154E+06, 0.778856E+02, 0.211889E+02, 0.000000E+00, 0.000000E+00, 0.000000E+00, 0.000000E+00, 0.000000E+00, 0.925475E+00, 0.000000E+00, 0.000000E+00, 0.000000E+00, 0.778843E+02, 0.211901E+02, 0.000000E+00, 0.000000E+00, 0.000000E+00, 0.000000E+00, 0.000000E+00, 0.925530E+00, 0.000000E+00, 0.000000E+00, 0.000000E+00, 0.214132E+02, 0.214345E+02, 0.339550E+01, 0.145573E+02,-0.179767E+03, 0.100154E+06, 0.778888E+02, 0.211858E+02, 0.000000E+00, 0.000000E+00, 0.000000E+00, 0.000000E+00, 0.000000E+00, 0.925342E+00, 0.000000E+00, 0.000000E+00, 0.000000E+00, 0.778845E+02, 0.211900E+02, 0.000000E+00, 0.000000E+00, 0.000000E+00, 0.000000E+00, 0.000000E+00, 0.925525E+00, 0.000000E+00, 0.000000E+00, 0.000000E+00, 0.214603E+02, 0.214843E+02, 0.349896E+01, 0.967745E-01,-0.185488E+03, 0.100148E+06, 0.778923E+02, 0.211825E+02, 0.000000E+00, 0.000000E+00, 0.000000E+00, 0.000000E+00, 0.000000E+00, 0.925197E+00, 0.000000E+00, 0.000000E+00, 0.000000E+00, 0.778845E+02, 0.211900E+02, 0.000000E+00, 0.000000E+00, 0.000000E+00, 0.000000E+00, 0.000000E+00, 0.925525E+00, 0.000000E+00, 0.000000E+00, 0.000000E+00, 0.213197E+02, 0.203552E+02, 0.291376E+01, 0.816672E+02, 0.668026E+00, 0.100293E+06, 0.778811E+02, 0.211986E+02, 0.000000E+00, 0.000000E+00, 0.000000E+00, 0.000000E+00, 0.000000E+00, 0.920263E+00, 0.000000E+00, 0.000000E+00, 0.000000E+00, 0.781645E+02, 0.210345E+02, 0.000000E+00, 0.000000E+00, 0.000000E+00, 0.000000E+00, 0.000000E+00, 0.800913E+00, 0.000000E+00, 0.000000E+00, 0.000000E+00, 0.214462E+02, 0.214688E+02, 0.347794E+01, 0.204339E+01, 0.624131E+00, 0.100292E+06, 0.779133E+02, 0.211759E+02, 0.000000E+00, 0.000000E+00, 0.000000E+00, 0.000000E+00, 0.000000E+00, 0.910789E+00, 0.000000E+00, 0.000000E+00, 0.000000E+00, 0.779032E+02, 0.211828E+02, 0.000000E+00, 0.000000E+00, 0.000000E+00, 0.000000E+00, 0.000000E+00, 0.913989E+00, 0.000000E+00, 0.000000E+00, 0.000000E+00, 0.100000E+01, 0.181885E-02, 0.672458E-03, 0.289157E+05, 0.289157E+05, 0.213687E+05, 0.561086E+04, 0.233048E+05, 0.000000E+00, 0.000000E+00, 0.000000E+00, 0.000000E+00, 0.000000E+00, 0.000000E+00, 0.000000E+00, 0.000000E+00, 0.000000E+00, 0.000000E+00, 0.000000E+00, 0.000000E+00, 0.000000E+00, 0.000000E+00, 0.000000E+00, 0.000000E+00, 0.000000E+00, 0.000000E+00, 0.000000E+00, 0.000000E+00, 0.000000E+00, 0.000000E+00, 0.000000E+00, 0.000000E+00, 0.000000E+00, 0.000000E+00, 0.000000E+00, 0.000000E+00, 0.000000E+00, 0.000000E+00, 0.000000E+00, 0.000000E+00, 0.000000E+00, 0.000000E+00, 0.000000E+00, 0.000000E+00, 0.000000E+00                      
 0.790000E+03, 0.181918E+02, 0.247555E+03,-0.273736E+00, 0.100375E+06, 0.785290E+02, 0.208354E+02, 0.000000E+00, 0.000000E+00, 0.000000E+00, 0.000000E+00, 0.000000E+00, 0.635514E+00, 0.000000E+00, 0.000000E+00, 0.000000E+00, 0.211888E+02, 0.205805E+02, 0.347709E+01, 0.224086E+01,-0.424692E+00, 0.100375E+06, 0.778233E+02, 0.212602E+02, 0.000000E+00, 0.000000E+00, 0.000000E+00, 0.000000E+00, 0.000000E+00, 0.916466E+00, 0.000000E+00, 0.000000E+00, 0.000000E+00, 0.781322E+02, 0.210518E+02, 0.000000E+00, 0.000000E+00, 0.000000E+00, 0.000000E+00, 0.000000E+00, 0.816012E+00, 0.000000E+00, 0.000000E+00, 0.000000E+00, 0.213302E+02, 0.213282E+02, 0.323168E+01, 0.373794E+02,-0.488456E+00, 0.100375E+06, 0.779071E+02, 0.211764E+02, 0.000000E+00, 0.000000E+00, 0.000000E+00, 0.000000E+00, 0.000000E+00, 0.916529E+00, 0.000000E+00, 0.000000E+00, 0.000000E+00, 0.779474E+02, 0.211519E+02, 0.000000E+00, 0.000000E+00, 0.000000E+00, 0.000000E+00, 0.000000E+00, 0.900743E+00, 0.000000E+00, 0.000000E+00, 0.000000E+00, 0.417098E+02, 0.260616E+02, 0.120002E+00, 0.313022E+03, 0.722498E+04, 0.107600E+06, 0.772521E+02, 0.189663E+02, 0.131613E+01, 0.172099E-01, 0.000000E+00, 0.000000E+00, 0.181888E-18, 0.234955E+01, 0.184168E+01, 0.184168E+01, 0.000000E+00, 0.779038E+02, 0.211715E+02, 0.000000E+00, 0.000000E+00, 0.000000E+00, 0.000000E+00, 0.000000E+00, 0.924717E+00, 0.000000E+00, 0.000000E+00, 0.000000E+00, 0.189394E+02, 0.678132E+03,-0.449460E+00, 0.100375E+06, 0.783347E+02, 0.209406E+02, 0.000000E+00, 0.000000E+00, 0.000000E+00, 0.000000E+00, 0.000000E+00, 0.724710E+00, 0.000000E+00, 0.000000E+00, 0.000000E+00, 0.215151E+02, 0.215431E+02, 0.691511E+01, 0.830268E+01,-0.181943E+03, 0.100151E+06, 0.778856E+02, 0.211889E+02, 0.000000E+00, 0.000000E+00, 0.000000E+00, 0.000000E+00, 0.000000E+00, 0.925476E+00, 0.000000E+00, 0.000000E+00, 0.000000E+00, 0.778843E+02, 0.211901E+02, 0.000000E+00, 0.000000E+00, 0.000000E+00, 0.000000E+00, 0.000000E+00, 0.925530E+00, 0.000000E+00, 0.000000E+00, 0.000000E+00, 0.214067E+02, 0.214279E+02, 0.339357E+01, 0.148264E+02,-0.181939E+03, 0.100151E+06, 0.778888E+02, 0.211859E+02, 0.000000E+00, 0.000000E+00, 0.000000E+00, 0.000000E+00, 0.000000E+00, 0.925345E+00, 0.000000E+00, 0.000000E+00, 0.000000E+00, 0.778845E+02, 0.211900E+02, 0.000000E+00, 0.000000E+00, 0.000000E+00, 0.000000E+00, 0.000000E+00, 0.925525E+00, 0.000000E+00, 0.000000E+00, 0.000000E+00, 0.214539E+02, 0.214778E+02, 0.349895E+01, 0.975306E-01,-0.187689E+03, 0.100146E+06, 0.778922E+02, 0.211826E+02, 0.000000E+00, 0.000000E+00, 0.000000E+00, 0.000000E+00, 0.000000E+00, 0.925200E+00, 0.000000E+00, 0.000000E+00, 0.000000E+00, 0.778845E+02, 0.211900E+02, 0.000000E+00, 0.000000E+00, 0.000000E+00, 0.000000E+00, 0.000000E+00, 0.925525E+00, 0.000000E+00, 0.000000E+00, 0.000000E+00, 0.213135E+02, 0.203413E+02, 0.290583E+01, 0.827724E+02, 0.666658E+00, 0.100293E+06, 0.778814E+02, 0.211984E+02, 0.000000E+00, 0.000000E+00, 0.000000E+00, 0.000000E+00, 0.000000E+00, 0.920175E+00, 0.000000E+00, 0.000000E+00, 0.000000E+00, 0.781688E+02, 0.210322E+02, 0.000000E+00, 0.000000E+00, 0.000000E+00, 0.000000E+00, 0.000000E+00, 0.799028E+00, 0.000000E+00, 0.000000E+00, 0.000000E+00, 0.214381E+02, 0.214605E+02, 0.347793E+01, 0.204418E+01, 0.622537E+00, 0.100292E+06, 0.779133E+02, 0.211759E+02, 0.000000E+00, 0.000000E+00, 0.000000E+00, 0.000000E+00, 0.000000E+00, 0.910781E+00, 0.000000E+00, 0.000000E+00, 0.000000E+00, 0.779042E+02, 0.211823E+02, 0.000000E+00, 0.000000E+00, 0.000000E+00, 0.000000E+00, 0.000000E+00, 0.913582E+00, 0.000000E+00, 0.000000E+00, 0.000000E+00, 0.100000E+01, 0.177464E-02, 0.643773E-03, 0.276822E+05, 0.276822E+05, 0.204572E+05, 0.547447E+04, 0.222078E+05, 0.000000E+00, 0.000000E+00, 0.000000E+00, 0.000000E+00, 0.000000E+00, 0.000000E+00, 0.000000E+00, 0.000000E+00, 0.000000E+00, 0.000000E+00, 0.000000E+00, 0.000000E+00, 0.000000E+00, 0.000000E+00, 0.000000E+00, 0.000000E+00, 0.000000E+00, 0.000000E+00, 0.000000E+00, 0.000000E+00, 0.000000E+00, 0.000000E+00, 0.000000E+00, 0.000000E+00, 0.000000E+00, 0.000000E+00, 0.000000E+00, 0.000000E+00, 0.000000E+00, 0.000000E+00, 0.000000E+00, 0.000000E+00, 0.000000E+00, 0.000000E+00, 0.000000E+00, 0.000000E+00, 0.000000E+00                      
 0.800000E+03, 0.181846E+02, 0.247555E+03,-0.273269E+00, 0.100375E+06, 0.785325E+02, 0.208335E+02, 0.000000E+00, 0.000000E+00, 0.000000E+00, 0.000000E+00, 0.000000E+00, 0.633957E+00, 0.000000E+00, 0.000000E+00, 0.000000E+00, 0.211824E+02, 0.205676E+02, 0.347709E+01, 0.224082E+01,-0.423856E+00, 0.100375E+06, 0.778233E+02, 0.212602E+02, 0.000000E+00, 0.000000E+00, 0.000000E+00, 0.000000E+00, 0.000000E+00, 0.916466E+00, 0.000000E+00, 0.000000E+00, 0.000000E+00, 0.781361E+02, 0.210496E+02, 0.000000E+00, 0.000000E+00, 0.000000E+00, 0.000000E+00, 0.000000E+00, 0.814218E+00, 0.000000E+00, 0.000000E+00, 0.000000E+00, 0.213226E+02, 0.213190E+02, 0.323163E+01, 0.373857E+02,-0.487718E+00, 0.100375E+06, 0.779071E+02, 0.211763E+02, 0.000000E+00, 0.000000E+00, 0.000000E+00, 0.000000E+00, 0.000000E+00, 0.916510E+00, 0.000000E+00, 0.000000E+00, 0.000000E+00, 0.779490E+02, 0.211510E+02, 0.000000E+00, 0.000000E+00, 0.000000E+00, 0.000000E+00, 0.000000E+00, 0.900014E+00, 0.000000E+00, 0.000000E+00, 0.000000E+00, 0.412180E+02, 0.259928E+02, 0.120002E+00, 0.313022E+03, 0.706384E+04, 0.107439E+06, 0.772506E+02, 0.189611E+02, 0.131925E+01, 0.172507E-01, 0.000000E+00, 0.000000E+00, 0.181875E-18, 0.235292E+01, 0.184617E+01, 0.184617E+01, 0.000000E+00, 0.779038E+02, 0.211715E+02, 0.000000E+00, 0.000000E+00, 0.000000E+00, 0.000000E+00, 0.000000E+00, 0.924717E+00, 0.000000E+00, 0.000000E+00, 0.000000E+00, 0.189283E+02, 0.678132E+03,-0.448586E+00, 0.100375E+06, 0.783377E+02, 0.209389E+02, 0.000000E+00, 0.000000E+00, 0.000000E+00, 0.000000E+00, 0.000000E+00, 0.723353E+00, 0.000000E+00, 0.000000E+00, 0.000000E+00, 0.215089E+02, 0.215369E+02, 0.691388E+01, 0.842271E+01,-0.184103E+03, 0.100149E+06, 0.778856E+02, 0.211889E+02, 0.000000E+00, 0.000000E+00, 0.000000E+00, 0.000000E+00, 0.000000E+00, 0.925477E+00, 0.000000E+00, 0.000000E+00, 0.000000E+00, 0.778843E+02, 0.211901E+02, 0.000000E+00, 0.000000E+00, 0.000000E+00, 0.000000E+00, 0.000000E+00, 0.925530E+00, 0.000000E+00, 0.000000E+00, 0.000000E+00, 0.214002E+02, 0.214213E+02, 0.339164E+01, 0.150957E+02,-0.184098E+03, 0.100149E+06, 0.778887E+02, 0.211860E+02, 0.000000E+00, 0.000000E+00, 0.000000E+00, 0.000000E+00, 0.000000E+00, 0.925348E+00, 0.000000E+00, 0.000000E+00, 0.000000E+00, 0.778845E+02, 0.211900E+02, 0.000000E+00, 0.000000E+00, 0.000000E+00, 0.000000E+00, 0.000000E+00, 0.925525E+00, 0.000000E+00, 0.000000E+00, 0.000000E+00, 0.214476E+02, 0.214714E+02, 0.349894E+01, 0.982817E-01,-0.189878E+03, 0.100144E+06, 0.778922E+02, 0.211826E+02, 0.000000E+00, 0.000000E+00, 0.000000E+00, 0.000000E+00, 0.000000E+00, 0.925203E+00, 0.000000E+00, 0.000000E+00, 0.000000E+00, 0.778845E+02, 0.211900E+02, 0.000000E+00, 0.000000E+00, 0.000000E+00, 0.000000E+00, 0.000000E+00, 0.925525E+00, 0.000000E+00, 0.000000E+00, 0.000000E+00, 0.213073E+02, 0.203277E+02, 0.289788E+01, 0.838805E+02, 0.665328E+00, 0.100293E+06, 0.778818E+02, 0.211982E+02, 0.000000E+00, 0.000000E+00, 0.000000E+00, 0.000000E+00, 0.000000E+00, 0.920084E+00, 0.000000E+00, 0.000000E+00, 0.000000E+00, 0.781729E+02, 0.210299E+02, 0.000000E+00, 0.000000E+00, 0.000000E+00, 0.000000E+00, 0.000000E+00, 0.797154E+00, 0.000000E+00, 0.000000E+00, 0.000000E+00, 0.214301E+02, 0.214523E+02, 0.347792E+01, 0.204496E+01, 0.620989E+00, 0.100292E+06, 0.779133E+02, 0.211759E+02, 0.000000E+00, 0.000000E+00, 0.000000E+00, 0.000000E+00, 0.000000E+00, 0.910772E+00, 0.000000E+00, 0.000000E+00, 0.000000E+00, 0.779051E+02, 0.211817E+02, 0.000000E+00, 0.000000E+00, 0.000000E+00, 0.000000E+00, 0.000000E+00, 0.913169E+00, 0.000000E+00, 0.000000E+00, 0.000000E+00, 0.100000E+01, 0.173089E-02, 0.616312E-03, 0.265014E+05, 0.265014E+05, 0.195845E+05, 0.533952E+04, 0.211619E+05, 0.000000E+00, 0.000000E+00, 0.000000E+00, 0.000000E+00, 0.000000E+00, 0.000000E+00, 0.000000E+00, 0.000000E+00, 0.000000E+00, 0.000000E+00, 0.000000E+00, 0.000000E+00, 0.000000E+00, 0.000000E+00, 0.000000E+00, 0.000000E+00, 0.000000E+00, 0.000000E+00, 0.000000E+00, 0.000000E+00, 0.000000E+00, 0.000000E+00, 0.000000E+00, 0.000000E+00, 0.000000E+00, 0.000000E+00, 0.000000E+00, 0.000000E+00, 0.000000E+00, 0.000000E+00, 0.000000E+00, 0.000000E+00, 0.000000E+00, 0.000000E+00, 0.000000E+00, 0.000000E+00, 0.000000E+00                      
 0.810000E+03, 0.181775E+02, 0.247555E+03,-0.272814E+00, 0.100375E+06, 0.785359E+02, 0.208317E+02, 0.000000E+00, 0.000000E+00, 0.000000E+00, 0.000000E+00, 0.000000E+00, 0.632426E+00, 0.000000E+00, 0.000000E+00, 0.000000E+00, 0.211760E+02, 0.205548E+02, 0.347709E+01, 0.224077E+01,-0.423037E+00, 0.100375E+06, 0.778233E+02, 0.212602E+02, 0.000000E+00, 0.000000E+00, 0.000000E+00, 0.000000E+00, 0.000000E+00, 0.916466E+00, 0.000000E+00, 0.000000E+00, 0.000000E+00, 0.781401E+02, 0.210475E+02, 0.000000E+00, 0.000000E+00, 0.000000E+00, 0.000000E+00, 0.000000E+00, 0.812429E+00, 0.000000E+00, 0.000000E+00, 0.000000E+00, 0.213152E+02, 0.213098E+02, 0.323159E+01, 0.373918E+02,-0.486991E+00, 0.100375E+06, 0.779072E+02, 0.211763E+02, 0.000000E+00, 0.000000E+00, 0.000000E+00, 0.000000E+00, 0.000000E+00, 0.916490E+00, 0.000000E+00, 0.000000E+00, 0.000000E+00, 0.779506E+02, 0.211501E+02, 0.000000E+00, 0.000000E+00, 0.000000E+00, 0.000000E+00, 0.000000E+00, 0.899278E+00, 0.000000E+00, 0.000000E+00, 0.000000E+00, 0.407386E+02, 0.259255E+02, 0.120002E+00, 0.313022E+03, 0.690669E+04, 0.107282E+06, 0.772491E+02, 0.189561E+02, 0.132223E+01, 0.172897E-01, 0.000000E+00, 0.000000E+00, 0.198872E-18, 0.235615E+01, 0.185047E+01, 0.185047E+01, 0.000000E+00, 0.779038E+02, 0.211715E+02, 0.000000E+00, 0.000000E+00, 0.000000E+00, 0.000000E+00, 0.000000E+00, 0.924717E+00, 0.000000E+00, 0.000000E+00, 0.000000E+00, 0.189174E+02, 0.678132E+03,-0.447732E+00, 0.100375E+06, 0.783406E+02, 0.209373E+02, 0.000000E+00, 0.000000E+00, 0.000000E+00, 0.000000E+00, 0.000000E+00, 0.722015E+00, 0.000000E+00, 0.000000E+00, 0.000000E+00, 0.215028E+02, 0.215308E+02, 0.691266E+01, 0.854258E+01,-0.186250E+03, 0.100147E+06, 0.778856E+02, 0.211889E+02, 0.000000E+00, 0.000000E+00, 0.000000E+00, 0.000000E+00, 0.000000E+00, 0.925478E+00, 0.000000E+00, 0.000000E+00, 0.000000E+00, 0.778843E+02, 0.211901E+02, 0.000000E+00, 0.000000E+00, 0.000000E+00, 0.000000E+00, 0.000000E+00, 0.925530E+00, 0.000000E+00, 0.000000E+00, 0.000000E+00, 0.213938E+02, 0.214148E+02, 0.338970E+01, 0.153653E+02,-0.186246E+03, 0.100147E+06, 0.778886E+02, 0.211860E+02, 0.000000E+00, 0.000000E+00, 0.000000E+00, 0.000000E+00, 0.000000E+00, 0.925351E+00, 0.000000E+00, 0.000000E+00, 0.000000E+00, 0.778845E+02, 0.211900E+02, 0.000000E+00, 0.000000E+00, 0.000000E+00, 0.000000E+00, 0.000000E+00, 0.925525E+00, 0.000000E+00, 0.000000E+00, 0.000000E+00, 0.214413E+02, 0.214650E+02, 0.349893E+01, 0.990277E-01,-0.192053E+03, 0.100141E+06, 0.778921E+02, 0.211827E+02, 0.000000E+00, 0.000000E+00, 0.000000E+00, 0.000000E+00, 0.000000E+00, 0.925205E+00, 0.000000E+00, 0.000000E+00, 0.000000E+00, 0.778845E+02, 0.211900E+02, 0.000000E+00, 0.000000E+00, 0.000000E+00, 0.000000E+00, 0.000000E+00, 0.925525E+00, 0.000000E+00, 0.000000E+00, 0.000000E+00, 0.213011E+02, 0.203143E+02, 0.288990E+01, 0.849913E+02, 0.664033E+00, 0.100293E+06, 0.778821E+02, 0.211979E+02, 0.000000E+00, 0.000000E+00, 0.000000E+00, 0.000000E+00, 0.000000E+00, 0.919990E+00, 0.000000E+00, 0.000000E+00, 0.000000E+00, 0.781771E+02, 0.210276E+02, 0.000000E+00, 0.000000E+00, 0.000000E+00, 0.000000E+00, 0.000000E+00, 0.795289E+00, 0.000000E+00, 0.000000E+00, 0.000000E+00, 0.214221E+02, 0.214441E+02, 0.347791E+01, 0.204571E+01, 0.619485E+00, 0.100292E+06, 0.779133E+02, 0.211759E+02, 0.000000E+00, 0.000000E+00, 0.000000E+00, 0.000000E+00, 0.000000E+00, 0.910763E+00, 0.000000E+00, 0.000000E+00, 0.000000E+00, 0.779061E+02, 0.211812E+02, 0.000000E+00, 0.000000E+00, 0.000000E+00, 0.000000E+00, 0.000000E+00, 0.912749E+00, 0.000000E+00, 0.000000E+00, 0.000000E+00, 0.100000E+01, 0.168769E-02, 0.590022E-03, 0.253709E+05, 0.253709E+05, 0.187491E+05, 0.520623E+04, 0.201647E+05, 0.000000E+00, 0.000000E+00, 0.000000E+00, 0.000000E+00, 0.000000E+00, 0.000000E+00, 0.000000E+00, 0.000000E+00, 0.000000E+00, 0.000000E+00, 0.000000E+00, 0.000000E+00, 0.000000E+00, 0.000000E+00, 0.000000E+00, 0.000000E+00, 0.000000E+00, 0.000000E+00, 0.000000E+00, 0.000000E+00, 0.000000E+00, 0.000000E+00, 0.000000E+00, 0.000000E+00, 0.000000E+00, 0.000000E+00, 0.000000E+00, 0.000000E+00, 0.000000E+00, 0.000000E+00, 0.000000E+00, 0.000000E+00, 0.000000E+00, 0.000000E+00, 0.000000E+00, 0.000000E+00, 0.000000E+00                      
 0.820000E+03, 0.181707E+02, 0.247555E+03,-0.272372E+00, 0.100375E+06, 0.785392E+02, 0.208298E+02, 0.000000E+00, 0.000000E+00, 0.000000E+00, 0.000000E+00, 0.000000E+00, 0.630920E+00, 0.000000E+00, 0.000000E+00, 0.000000E+00, 0.211696E+02, 0.205423E+02, 0.347709E+01, 0.224072E+01,-0.422234E+00, 0.100375E+06, 0.778233E+02, 0.212602E+02, 0.000000E+00, 0.000000E+00, 0.000000E+00, 0.000000E+00, 0.000000E+00, 0.916466E+00, 0.000000E+00, 0.000000E+00, 0.000000E+00, 0.781440E+02, 0.210454E+02, 0.000000E+00, 0.000000E+00, 0.000000E+00, 0.000000E+00, 0.000000E+00, 0.810645E+00, 0.000000E+00, 0.000000E+00, 0.000000E+00, 0.213080E+02, 0.213007E+02, 0.323155E+01, 0.373977E+02,-0.486276E+00, 0.100375E+06, 0.779072E+02, 0.211763E+02, 0.000000E+00, 0.000000E+00, 0.000000E+00, 0.000000E+00, 0.000000E+00, 0.916471E+00, 0.000000E+00, 0.000000E+00, 0.000000E+00, 0.779522E+02, 0.211493E+02, 0.000000E+00, 0.000000E+00, 0.000000E+00, 0.000000E+00, 0.000000E+00, 0.898534E+00, 0.000000E+00, 0.000000E+00, 0.000000E+00, 0.402713E+02, 0.258596E+02, 0.120002E+00, 0.313022E+03, 0.675347E+04, 0.107128E+06, 0.772477E+02, 0.189513E+02, 0.132509E+01, 0.173270E-01, 0.000000E+00, 0.000000E+00, 0.216867E-18, 0.235924E+01, 0.185458E+01, 0.185458E+01, 0.000000E+00, 0.779038E+02, 0.211715E+02, 0.000000E+00, 0.000000E+00, 0.000000E+00, 0.000000E+00, 0.000000E+00, 0.924717E+00, 0.000000E+00, 0.000000E+00, 0.000000E+00, 0.189068E+02, 0.678132E+03,-0.446896E+00, 0.100375E+06, 0.783435E+02, 0.209358E+02, 0.000000E+00, 0.000000E+00, 0.000000E+00, 0.000000E+00, 0.000000E+00, 0.720697E+00, 0.000000E+00, 0.000000E+00, 0.000000E+00, 0.214967E+02, 0.215246E+02, 0.691144E+01, 0.866227E+01,-0.188387E+03, 0.100145E+06, 0.778856E+02, 0.211889E+02, 0.000000E+00, 0.000000E+00, 0.000000E+00, 0.000000E+00, 0.000000E+00, 0.925478E+00, 0.000000E+00, 0.000000E+00, 0.000000E+00, 0.778843E+02, 0.211901E+02, 0.000000E+00, 0.000000E+00, 0.000000E+00, 0.000000E+00, 0.000000E+00, 0.925530E+00, 0.000000E+00, 0.000000E+00, 0.000000E+00, 0.213874E+02, 0.214084E+02, 0.338776E+01, 0.156352E+02,-0.188382E+03, 0.100145E+06, 0.778885E+02, 0.211861E+02, 0.000000E+00, 0.000000E+00, 0.000000E+00, 0.000000E+00, 0.000000E+00, 0.925354E+00, 0.000000E+00, 0.000000E+00, 0.000000E+00, 0.778845E+02, 0.211900E+02, 0.000000E+00, 0.000000E+00, 0.000000E+00, 0.000000E+00, 0.000000E+00, 0.925525E+00, 0.000000E+00, 0.000000E+00, 0.000000E+00, 0.214350E+02, 0.214586E+02, 0.349892E+01, 0.997687E-01,-0.194215E+03, 0.100139E+06, 0.778920E+02, 0.211828E+02, 0.000000E+00, 0.000000E+00, 0.000000E+00, 0.000000E+00, 0.000000E+00, 0.925208E+00, 0.000000E+00, 0.000000E+00, 0.000000E+00, 0.778845E+02, 0.211900E+02, 0.000000E+00, 0.000000E+00, 0.000000E+00, 0.000000E+00, 0.000000E+00, 0.925525E+00, 0.000000E+00, 0.000000E+00, 0.000000E+00, 0.212950E+02, 0.203011E+02, 0.288191E+01, 0.861046E+02, 0.662773E+00, 0.100293E+06, 0.778824E+02, 0.211977E+02, 0.000000E+00, 0.000000E+00, 0.000000E+00, 0.000000E+00, 0.000000E+00, 0.919892E+00, 0.000000E+00, 0.000000E+00, 0.000000E+00, 0.781812E+02, 0.210253E+02, 0.000000E+00, 0.000000E+00, 0.000000E+00, 0.000000E+00, 0.000000E+00, 0.793435E+00, 0.000000E+00, 0.000000E+00, 0.000000E+00, 0.214142E+02, 0.214360E+02, 0.347790E+01, 0.204645E+01, 0.618024E+00, 0.100292E+06, 0.779134E+02, 0.211759E+02, 0.000000E+00, 0.000000E+00, 0.000000E+00, 0.000000E+00, 0.000000E+00, 0.910755E+00, 0.000000E+00, 0.000000E+00, 0.000000E+00, 0.779071E+02, 0.211806E+02, 0.000000E+00, 0.000000E+00, 0.000000E+00, 0.000000E+00, 0.000000E+00, 0.912323E+00, 0.000000E+00, 0.000000E+00, 0.000000E+00, 0.100000E+01, 0.164508E-02, 0.564854E-03, 0.242887E+05, 0.242887E+05, 0.179494E+05, 0.507480E+04, 0.192139E+05, 0.000000E+00, 0.000000E+00, 0.000000E+00, 0.000000E+00, 0.000000E+00, 0.000000E+00, 0.000000E+00, 0.000000E+00, 0.000000E+00, 0.000000E+00, 0.000000E+00, 0.000000E+00, 0.000000E+00, 0.000000E+00, 0.000000E+00, 0.000000E+00, 0.000000E+00, 0.000000E+00, 0.000000E+00, 0.000000E+00, 0.000000E+00, 0.000000E+00, 0.000000E+00, 0.000000E+00, 0.000000E+00, 0.000000E+00, 0.000000E+00, 0.000000E+00, 0.000000E+00, 0.000000E+00, 0.000000E+00, 0.000000E+00, 0.000000E+00, 0.000000E+00, 0.000000E+00, 0.000000E+00, 0.000000E+00                      
 0.830000E+03, 0.181640E+02, 0.247555E+03,-0.271941E+00, 0.100375E+06, 0.785425E+02, 0.208280E+02, 0.000000E+00, 0.000000E+00, 0.000000E+00, 0.000000E+00, 0.000000E+00, 0.629441E+00, 0.000000E+00, 0.000000E+00, 0.000000E+00, 0.211633E+02, 0.205301E+02, 0.347709E+01, 0.224067E+01,-0.421447E+00, 0.100375E+06, 0.778233E+02, 0.212602E+02, 0.000000E+00, 0.000000E+00, 0.000000E+00, 0.000000E+00, 0.000000E+00, 0.916466E+00, 0.000000E+00, 0.000000E+00, 0.000000E+00, 0.781479E+02, 0.210432E+02, 0.000000E+00, 0.000000E+00, 0.000000E+00, 0.000000E+00, 0.000000E+00, 0.808867E+00, 0.000000E+00, 0.000000E+00, 0.000000E+00, 0.213009E+02, 0.212916E+02, 0.323150E+01, 0.374034E+02,-0.485572E+00, 0.100375E+06, 0.779073E+02, 0.211763E+02, 0.000000E+00, 0.000000E+00, 0.000000E+00, 0.000000E+00, 0.000000E+00, 0.916452E+00, 0.000000E+00, 0.000000E+00, 0.000000E+00, 0.779539E+02, 0.211484E+02, 0.000000E+00, 0.000000E+00, 0.000000E+00, 0.000000E+00, 0.000000E+00, 0.897782E+00, 0.000000E+00, 0.000000E+00, 0.000000E+00, 0.398159E+02, 0.257952E+02, 0.120002E+00, 0.313022E+03, 0.660409E+04, 0.106979E+06, 0.772464E+02, 0.189467E+02, 0.132782E+01, 0.173627E-01, 0.000000E+00, 0.000000E+00, 0.235861E-18, 0.236219E+01, 0.185852E+01, 0.185852E+01, 0.000000E+00, 0.779038E+02, 0.211715E+02, 0.000000E+00, 0.000000E+00, 0.000000E+00, 0.000000E+00, 0.000000E+00, 0.924716E+00, 0.000000E+00, 0.000000E+00, 0.000000E+00, 0.188965E+02, 0.678132E+03,-0.446080E+00, 0.100375E+06, 0.783464E+02, 0.209342E+02, 0.000000E+00, 0.000000E+00, 0.000000E+00, 0.000000E+00, 0.000000E+00, 0.719396E+00, 0.000000E+00, 0.000000E+00, 0.000000E+00, 0.214906E+02, 0.215185E+02, 0.691021E+01, 0.878180E+01,-0.190512E+03, 0.100143E+06, 0.778856E+02, 0.211890E+02, 0.000000E+00, 0.000000E+00, 0.000000E+00, 0.000000E+00, 0.000000E+00, 0.925479E+00, 0.000000E+00, 0.000000E+00, 0.000000E+00, 0.778843E+02, 0.211901E+02, 0.000000E+00, 0.000000E+00, 0.000000E+00, 0.000000E+00, 0.000000E+00, 0.925530E+00, 0.000000E+00, 0.000000E+00, 0.000000E+00, 0.213810E+02, 0.214020E+02, 0.338583E+01, 0.159053E+02,-0.190507E+03, 0.100143E+06, 0.778885E+02, 0.211862E+02, 0.000000E+00, 0.000000E+00, 0.000000E+00, 0.000000E+00, 0.000000E+00, 0.925357E+00, 0.000000E+00, 0.000000E+00, 0.000000E+00, 0.778845E+02, 0.211900E+02, 0.000000E+00, 0.000000E+00, 0.000000E+00, 0.000000E+00, 0.000000E+00, 0.925525E+00, 0.000000E+00, 0.000000E+00, 0.000000E+00, 0.214287E+02, 0.214523E+02, 0.349891E+01, 0.100505E+00,-0.196364E+03, 0.100137E+06, 0.778920E+02, 0.211828E+02, 0.000000E+00, 0.000000E+00, 0.000000E+00, 0.000000E+00, 0.000000E+00, 0.925211E+00, 0.000000E+00, 0.000000E+00, 0.000000E+00, 0.778845E+02, 0.211900E+02, 0.000000E+00, 0.000000E+00, 0.000000E+00, 0.000000E+00, 0.000000E+00, 0.925525E+00, 0.000000E+00, 0.000000E+00, 0.000000E+00, 0.212890E+02, 0.202881E+02, 0.287390E+01, 0.872205E+02, 0.661545E+00, 0.100293E+06, 0.778827E+02, 0.211975E+02, 0.000000E+00, 0.000000E+00, 0.000000E+00, 0.000000E+00, 0.000000E+00, 0.919792E+00, 0.000000E+00, 0.000000E+00, 0.000000E+00, 0.781853E+02, 0.210231E+02, 0.000000E+00, 0.000000E+00, 0.000000E+00, 0.000000E+00, 0.000000E+00, 0.791592E+00, 0.000000E+00, 0.000000E+00, 0.000000E+00, 0.214063E+02, 0.214279E+02, 0.347789E+01, 0.204717E+01, 0.616603E+00, 0.100292E+06, 0.779134E+02, 0.211759E+02, 0.000000E+00, 0.000000E+00, 0.000000E+00, 0.000000E+00, 0.000000E+00, 0.910746E+00, 0.000000E+00, 0.000000E+00, 0.000000E+00, 0.779081E+02, 0.211800E+02, 0.000000E+00, 0.000000E+00, 0.000000E+00, 0.000000E+00, 0.000000E+00, 0.911891E+00, 0.000000E+00, 0.000000E+00, 0.000000E+00, 0.100000E+01, 0.160313E-02, 0.540759E-03, 0.232526E+05, 0.232526E+05, 0.171837E+05, 0.494538E+04, 0.183072E+05, 0.000000E+00, 0.000000E+00, 0.000000E+00, 0.000000E+00, 0.000000E+00, 0.000000E+00, 0.000000E+00, 0.000000E+00, 0.000000E+00, 0.000000E+00, 0.000000E+00, 0.000000E+00, 0.000000E+00, 0.000000E+00, 0.000000E+00, 0.000000E+00, 0.000000E+00, 0.000000E+00, 0.000000E+00, 0.000000E+00, 0.000000E+00, 0.000000E+00, 0.000000E+00, 0.000000E+00, 0.000000E+00, 0.000000E+00, 0.000000E+00, 0.000000E+00, 0.000000E+00, 0.000000E+00, 0.000000E+00, 0.000000E+00, 0.000000E+00, 0.000000E+00, 0.000000E+00, 0.000000E+00, 0.000000E+00                      
 0.840000E+03, 0.181575E+02, 0.247555E+03,-0.271521E+00, 0.100375E+06, 0.785457E+02, 0.208263E+02, 0.000000E+00, 0.000000E+00, 0.000000E+00, 0.000000E+00, 0.000000E+00, 0.627986E+00, 0.000000E+00, 0.000000E+00, 0.000000E+00, 0.211571E+02, 0.205180E+02, 0.347709E+01, 0.224062E+01,-0.420675E+00, 0.100375E+06, 0.778233E+02, 0.212602E+02, 0.000000E+00, 0.000000E+00, 0.000000E+00, 0.000000E+00, 0.000000E+00, 0.916466E+00, 0.000000E+00, 0.000000E+00, 0.000000E+00, 0.781518E+02, 0.210411E+02, 0.000000E+00, 0.000000E+00, 0.000000E+00, 0.000000E+00, 0.000000E+00, 0.807093E+00, 0.000000E+00, 0.000000E+00, 0.000000E+00, 0.212940E+02, 0.212827E+02, 0.323146E+01, 0.374089E+02,-0.484879E+00, 0.100375E+06, 0.779073E+02, 0.211763E+02, 0.000000E+00, 0.000000E+00, 0.000000E+00, 0.000000E+00, 0.000000E+00, 0.916434E+00, 0.000000E+00, 0.000000E+00, 0.000000E+00, 0.779555E+02, 0.211475E+02, 0.000000E+00, 0.000000E+00, 0.000000E+00, 0.000000E+00, 0.000000E+00, 0.897024E+00, 0.000000E+00, 0.000000E+00, 0.000000E+00, 0.393721E+02, 0.257321E+02, 0.120002E+00, 0.313022E+03, 0.645850E+04, 0.106833E+06, 0.772451E+02, 0.189423E+02, 0.133043E+01, 0.173969E-01, 0.000000E+00, 0.000000E+00, 0.252908E-18, 0.236502E+01, 0.186229E+01, 0.186229E+01, 0.000000E+00, 0.779038E+02, 0.211715E+02, 0.000000E+00, 0.000000E+00, 0.000000E+00, 0.000000E+00, 0.000000E+00, 0.924716E+00, 0.000000E+00, 0.000000E+00, 0.000000E+00, 0.188864E+02, 0.678132E+03,-0.445281E+00, 0.100375E+06, 0.783492E+02, 0.209327E+02, 0.000000E+00, 0.000000E+00, 0.000000E+00, 0.000000E+00, 0.000000E+00, 0.718114E+00, 0.000000E+00, 0.000000E+00, 0.000000E+00, 0.214845E+02, 0.215124E+02, 0.690899E+01, 0.890115E+01,-0.192625E+03, 0.100141E+06, 0.778855E+02, 0.211890E+02, 0.000000E+00, 0.000000E+00, 0.000000E+00, 0.000000E+00, 0.000000E+00, 0.925480E+00, 0.000000E+00, 0.000000E+00, 0.000000E+00, 0.778843E+02, 0.211901E+02, 0.000000E+00, 0.000000E+00, 0.000000E+00, 0.000000E+00, 0.000000E+00, 0.925530E+00, 0.000000E+00, 0.000000E+00, 0.000000E+00, 0.213747E+02, 0.213956E+02, 0.338389E+01, 0.161756E+02,-0.192620E+03, 0.100141E+06, 0.778884E+02, 0.211862E+02, 0.000000E+00, 0.000000E+00, 0.000000E+00, 0.000000E+00, 0.000000E+00, 0.925360E+00, 0.000000E+00, 0.000000E+00, 0.000000E+00, 0.778845E+02, 0.211900E+02, 0.000000E+00, 0.000000E+00, 0.000000E+00, 0.000000E+00, 0.000000E+00, 0.925525E+00, 0.000000E+00, 0.000000E+00, 0.000000E+00, 0.214225E+02, 0.214460E+02, 0.349891E+01, 0.101236E+00,-0.198500E+03, 0.100135E+06, 0.778919E+02, 0.211829E+02, 0.000000E+00, 0.000000E+00, 0.000000E+00, 0.000000E+00, 0.000000E+00, 0.925213E+00, 0.000000E+00, 0.000000E+00, 0.000000E+00, 0.778845E+02, 0.211900E+02, 0.000000E+00, 0.000000E+00, 0.000000E+00, 0.000000E+00, 0.000000E+00, 0.925525E+00, 0.000000E+00, 0.000000E+00, 0.000000E+00, 0.212829E+02, 0.202754E+02, 0.286587E+01, 0.883388E+02, 0.660350E+00, 0.100293E+06, 0.778831E+02, 0.211973E+02, 0.000000E+00, 0.000000E+00, 0.000000E+00, 0.000000E+00, 0.000000E+00, 0.919688E+00, 0.000000E+00, 0.000000E+00, 0.000000E+00, 0.781894E+02, 0.210208E+02, 0.000000E+00, 0.000000E+00, 0.000000E+00, 0.000000E+00, 0.000000E+00, 0.789759E+00, 0.000000E+00, 0.000000E+00, 0.000000E+00, 0.213984E+02, 0.214198E+02, 0.347789E+01, 0.204788E+01, 0.615221E+00, 0.100292E+06, 0.779134E+02, 0.211759E+02, 0.000000E+00, 0.000000E+00, 0.000000E+00, 0.000000E+00, 0.000000E+00, 0.910738E+00, 0.000000E+00, 0.000000E+00, 0.000000E+00, 0.779091E+02, 0.211795E+02, 0.000000E+00, 0.000000E+00, 0.000000E+00, 0.000000E+00, 0.000000E+00, 0.911453E+00, 0.000000E+00, 0.000000E+00, 0.000000E+00, 0.100000E+01, 0.156187E-02, 0.517692E-03, 0.222607E+05, 0.222607E+05, 0.164507E+05, 0.481809E+04, 0.174427E+05, 0.000000E+00, 0.000000E+00, 0.000000E+00, 0.000000E+00, 0.000000E+00, 0.000000E+00, 0.000000E+00, 0.000000E+00, 0.000000E+00, 0.000000E+00, 0.000000E+00, 0.000000E+00, 0.000000E+00, 0.000000E+00, 0.000000E+00, 0.000000E+00, 0.000000E+00, 0.000000E+00, 0.000000E+00, 0.000000E+00, 0.000000E+00, 0.000000E+00, 0.000000E+00, 0.000000E+00, 0.000000E+00, 0.000000E+00, 0.000000E+00, 0.000000E+00, 0.000000E+00, 0.000000E+00, 0.000000E+00, 0.000000E+00, 0.000000E+00, 0.000000E+00, 0.000000E+00, 0.000000E+00, 0.000000E+00                      
 0.850000E+03, 0.181511E+02, 0.247555E+03,-0.271111E+00, 0.100375E+06, 0.785489E+02, 0.208245E+02, 0.000000E+00, 0.000000E+00, 0.000000E+00, 0.000000E+00, 0.000000E+00, 0.626555E+00, 0.000000E+00, 0.000000E+00, 0.000000E+00, 0.211509E+02, 0.205061E+02, 0.347709E+01, 0.224058E+01,-0.419919E+00, 0.100375E+06, 0.778233E+02, 0.212602E+02, 0.000000E+00, 0.000000E+00, 0.000000E+00, 0.000000E+00, 0.000000E+00, 0.916466E+00, 0.000000E+00, 0.000000E+00, 0.000000E+00, 0.781557E+02, 0.210390E+02, 0.000000E+00, 0.000000E+00, 0.000000E+00, 0.000000E+00, 0.000000E+00, 0.805325E+00, 0.000000E+00, 0.000000E+00, 0.000000E+00, 0.212872E+02, 0.212737E+02, 0.323143E+01, 0.374143E+02,-0.484196E+00, 0.100375E+06, 0.779074E+02, 0.211762E+02, 0.000000E+00, 0.000000E+00, 0.000000E+00, 0.000000E+00, 0.000000E+00, 0.916415E+00, 0.000000E+00, 0.000000E+00, 0.000000E+00, 0.779572E+02, 0.211466E+02, 0.000000E+00, 0.000000E+00, 0.000000E+00, 0.000000E+00, 0.000000E+00, 0.896259E+00, 0.000000E+00, 0.000000E+00, 0.000000E+00, 0.389398E+02, 0.256704E+02, 0.120002E+00, 0.313022E+03, 0.631662E+04, 0.106692E+06, 0.772439E+02, 0.189381E+02, 0.133293E+01, 0.174296E-01, 0.000000E+00, 0.000000E+00, 0.273899E-18, 0.236773E+01, 0.186589E+01, 0.186589E+01, 0.000000E+00, 0.779038E+02, 0.211715E+02, 0.000000E+00, 0.000000E+00, 0.000000E+00, 0.000000E+00, 0.000000E+00, 0.924716E+00, 0.000000E+00, 0.000000E+00, 0.000000E+00, 0.188765E+02, 0.678132E+03,-0.444499E+00, 0.100375E+06, 0.783520E+02, 0.209311E+02, 0.000000E+00, 0.000000E+00, 0.000000E+00, 0.000000E+00, 0.000000E+00, 0.716850E+00, 0.000000E+00, 0.000000E+00, 0.000000E+00, 0.214785E+02, 0.215063E+02, 0.690777E+01, 0.902034E+01,-0.194727E+03, 0.100139E+06, 0.778855E+02, 0.211890E+02, 0.000000E+00, 0.000000E+00, 0.000000E+00, 0.000000E+00, 0.000000E+00, 0.925481E+00, 0.000000E+00, 0.000000E+00, 0.000000E+00, 0.778843E+02, 0.211901E+02, 0.000000E+00, 0.000000E+00, 0.000000E+00, 0.000000E+00, 0.000000E+00, 0.925530E+00, 0.000000E+00, 0.000000E+00, 0.000000E+00, 0.213685E+02, 0.213893E+02, 0.338194E+01, 0.164460E+02,-0.194722E+03, 0.100139E+06, 0.778883E+02, 0.211863E+02, 0.000000E+00, 0.000000E+00, 0.000000E+00, 0.000000E+00, 0.000000E+00, 0.925363E+00, 0.000000E+00, 0.000000E+00, 0.000000E+00, 0.778845E+02, 0.211900E+02, 0.000000E+00, 0.000000E+00, 0.000000E+00, 0.000000E+00, 0.000000E+00, 0.925525E+00, 0.000000E+00, 0.000000E+00, 0.000000E+00, 0.214164E+02, 0.214398E+02, 0.349890E+01, 0.101962E+00,-0.200624E+03, 0.100133E+06, 0.778919E+02, 0.211829E+02, 0.000000E+00, 0.000000E+00, 0.000000E+00, 0.000000E+00, 0.000000E+00, 0.925216E+00, 0.000000E+00, 0.000000E+00, 0.000000E+00, 0.778845E+02, 0.211900E+02, 0.000000E+00, 0.000000E+00, 0.000000E+00, 0.000000E+00, 0.000000E+00, 0.925525E+00, 0.000000E+00, 0.000000E+00, 0.000000E+00, 0.212769E+02, 0.202629E+02, 0.285783E+01, 0.894593E+02, 0.659185E+00, 0.100292E+06, 0.778834E+02, 0.211970E+02, 0.000000E+00, 0.000000E+00, 0.000000E+00, 0.000000E+00, 0.000000E+00, 0.919581E+00, 0.000000E+00, 0.000000E+00, 0.000000E+00, 0.781935E+02, 0.210186E+02, 0.000000E+00, 0.000000E+00, 0.000000E+00, 0.000000E+00, 0.000000E+00, 0.787938E+00, 0.000000E+00, 0.000000E+00, 0.000000E+00, 0.213906E+02, 0.214118E+02, 0.347788E+01, 0.204856E+01, 0.613877E+00, 0.100292E+06, 0.779134E+02, 0.211759E+02, 0.000000E+00, 0.000000E+00, 0.000000E+00, 0.000000E+00, 0.000000E+00, 0.910729E+00, 0.000000E+00, 0.000000E+00, 0.000000E+00, 0.779101E+02, 0.211789E+02, 0.000000E+00, 0.000000E+00, 0.000000E+00, 0.000000E+00, 0.000000E+00, 0.911010E+00, 0.000000E+00, 0.000000E+00, 0.000000E+00, 0.100000E+01, 0.152133E-02, 0.495609E-03, 0.213112E+05, 0.213112E+05, 0.157490E+05, 0.469303E+04, 0.166181E+05, 0.000000E+00, 0.000000E+00, 0.000000E+00, 0.000000E+00, 0.000000E+00, 0.000000E+00, 0.000000E+00, 0.000000E+00, 0.000000E+00, 0.000000E+00, 0.000000E+00, 0.000000E+00, 0.000000E+00, 0.000000E+00, 0.000000E+00, 0.000000E+00, 0.000000E+00, 0.000000E+00, 0.000000E+00, 0.000000E+00, 0.000000E+00, 0.000000E+00, 0.000000E+00, 0.000000E+00, 0.000000E+00, 0.000000E+00, 0.000000E+00, 0.000000E+00, 0.000000E+00, 0.000000E+00, 0.000000E+00, 0.000000E+00, 0.000000E+00, 0.000000E+00, 0.000000E+00, 0.000000E+00, 0.000000E+00                      
 0.860000E+03, 0.181449E+02, 0.247555E+03,-0.270711E+00, 0.100375E+06, 0.785520E+02, 0.208228E+02, 0.000000E+00, 0.000000E+00, 0.000000E+00, 0.000000E+00, 0.000000E+00, 0.625148E+00, 0.000000E+00, 0.000000E+00, 0.000000E+00, 0.211448E+02, 0.204945E+02, 0.347709E+01, 0.224053E+01,-0.419177E+00, 0.100375E+06, 0.778233E+02, 0.212602E+02, 0.000000E+00, 0.000000E+00, 0.000000E+00, 0.000000E+00, 0.000000E+00, 0.916466E+00, 0.000000E+00, 0.000000E+00, 0.000000E+00, 0.781596E+02, 0.210369E+02, 0.000000E+00, 0.000000E+00, 0.000000E+00, 0.000000E+00, 0.000000E+00, 0.803563E+00, 0.000000E+00, 0.000000E+00, 0.000000E+00, 0.212805E+02, 0.212649E+02, 0.323139E+01, 0.374196E+02,-0.483524E+00, 0.100375E+06, 0.779074E+02, 0.211762E+02, 0.000000E+00, 0.000000E+00, 0.000000E+00, 0.000000E+00, 0.000000E+00, 0.916397E+00, 0.000000E+00, 0.000000E+00, 0.000000E+00, 0.779589E+02, 0.211456E+02, 0.000000E+00, 0.000000E+00, 0.000000E+00, 0.000000E+00, 0.000000E+00, 0.895487E+00, 0.000000E+00, 0.000000E+00, 0.000000E+00, 0.385187E+02, 0.256100E+02, 0.120002E+00, 0.313022E+03, 0.617837E+04, 0.106553E+06, 0.772428E+02, 0.189340E+02, 0.133533E+01, 0.174609E-01, 0.000000E+00, 0.000000E+00, 0.281829E-18, 0.237032E+01, 0.186935E+01, 0.186935E+01, 0.000000E+00, 0.779038E+02, 0.211715E+02, 0.000000E+00, 0.000000E+00, 0.000000E+00, 0.000000E+00, 0.000000E+00, 0.924716E+00, 0.000000E+00, 0.000000E+00, 0.000000E+00, 0.188668E+02, 0.678132E+03,-0.443734E+00, 0.100375E+06, 0.783547E+02, 0.209296E+02, 0.000000E+00, 0.000000E+00, 0.000000E+00, 0.000000E+00, 0.000000E+00, 0.715602E+00, 0.000000E+00, 0.000000E+00, 0.000000E+00, 0.214725E+02, 0.215003E+02, 0.690656E+01, 0.913935E+01,-0.196818E+03, 0.100137E+06, 0.778855E+02, 0.211890E+02, 0.000000E+00, 0.000000E+00, 0.000000E+00, 0.000000E+00, 0.000000E+00, 0.925481E+00, 0.000000E+00, 0.000000E+00, 0.000000E+00, 0.778843E+02, 0.211901E+02, 0.000000E+00, 0.000000E+00, 0.000000E+00, 0.000000E+00, 0.000000E+00, 0.925530E+00, 0.000000E+00, 0.000000E+00, 0.000000E+00, 0.213623E+02, 0.213830E+02, 0.338000E+01, 0.167166E+02,-0.196813E+03, 0.100137E+06, 0.778883E+02, 0.211864E+02, 0.000000E+00, 0.000000E+00, 0.000000E+00, 0.000000E+00, 0.000000E+00, 0.925365E+00, 0.000000E+00, 0.000000E+00, 0.000000E+00, 0.778845E+02, 0.211900E+02, 0.000000E+00, 0.000000E+00, 0.000000E+00, 0.000000E+00, 0.000000E+00, 0.925525E+00, 0.000000E+00, 0.000000E+00, 0.000000E+00, 0.214102E+02, 0.214336E+02, 0.349889E+01, 0.102683E+00,-0.202735E+03, 0.100131E+06, 0.778918E+02, 0.211830E+02, 0.000000E+00, 0.000000E+00, 0.000000E+00, 0.000000E+00, 0.000000E+00, 0.925218E+00, 0.000000E+00, 0.000000E+00, 0.000000E+00, 0.778845E+02, 0.211900E+02, 0.000000E+00, 0.000000E+00, 0.000000E+00, 0.000000E+00, 0.000000E+00, 0.925525E+00, 0.000000E+00, 0.000000E+00, 0.000000E+00, 0.212710E+02, 0.202506E+02, 0.284977E+01, 0.905820E+02, 0.658049E+00, 0.100292E+06, 0.778837E+02, 0.211968E+02, 0.000000E+00, 0.000000E+00, 0.000000E+00, 0.000000E+00, 0.000000E+00, 0.919470E+00, 0.000000E+00, 0.000000E+00, 0.000000E+00, 0.781975E+02, 0.210163E+02, 0.000000E+00, 0.000000E+00, 0.000000E+00, 0.000000E+00, 0.000000E+00, 0.786127E+00, 0.000000E+00, 0.000000E+00, 0.000000E+00, 0.213828E+02, 0.214038E+02, 0.347787E+01, 0.204923E+01, 0.612570E+00, 0.100292E+06, 0.779134E+02, 0.211759E+02, 0.000000E+00, 0.000000E+00, 0.000000E+00, 0.000000E+00, 0.000000E+00, 0.910721E+00, 0.000000E+00, 0.000000E+00, 0.000000E+00, 0.779111E+02, 0.211783E+02, 0.000000E+00, 0.000000E+00, 0.000000E+00, 0.000000E+00, 0.000000E+00, 0.910560E+00, 0.000000E+00, 0.000000E+00, 0.000000E+00, 0.100000E+01, 0.148153E-02, 0.474468E-03, 0.204021E+05, 0.204021E+05, 0.150772E+05, 0.457027E+04, 0.158318E+05, 0.000000E+00, 0.000000E+00, 0.000000E+00, 0.000000E+00, 0.000000E+00, 0.000000E+00, 0.000000E+00, 0.000000E+00, 0.000000E+00, 0.000000E+00, 0.000000E+00, 0.000000E+00, 0.000000E+00, 0.000000E+00, 0.000000E+00, 0.000000E+00, 0.000000E+00, 0.000000E+00, 0.000000E+00, 0.000000E+00, 0.000000E+00, 0.000000E+00, 0.000000E+00, 0.000000E+00, 0.000000E+00, 0.000000E+00, 0.000000E+00, 0.000000E+00, 0.000000E+00, 0.000000E+00, 0.000000E+00, 0.000000E+00, 0.000000E+00, 0.000000E+00, 0.000000E+00, 0.000000E+00, 0.000000E+00                      
 0.870000E+03, 0.181388E+02, 0.247555E+03,-0.270321E+00, 0.100375E+06, 0.785551E+02, 0.208211E+02, 0.000000E+00, 0.000000E+00, 0.000000E+00, 0.000000E+00, 0.000000E+00, 0.623764E+00, 0.000000E+00, 0.000000E+00, 0.000000E+00, 0.211387E+02, 0.204830E+02, 0.347709E+01, 0.224048E+01,-0.418449E+00, 0.100375E+06, 0.778233E+02, 0.212602E+02, 0.000000E+00, 0.000000E+00, 0.000000E+00, 0.000000E+00, 0.000000E+00, 0.916466E+00, 0.000000E+00, 0.000000E+00, 0.000000E+00, 0.781634E+02, 0.210347E+02, 0.000000E+00, 0.000000E+00, 0.000000E+00, 0.000000E+00, 0.000000E+00, 0.801807E+00, 0.000000E+00, 0.000000E+00, 0.000000E+00, 0.212740E+02, 0.212561E+02, 0.323135E+01, 0.374247E+02,-0.482861E+00, 0.100375E+06, 0.779074E+02, 0.211762E+02, 0.000000E+00, 0.000000E+00, 0.000000E+00, 0.000000E+00, 0.000000E+00, 0.916379E+00, 0.000000E+00, 0.000000E+00, 0.000000E+00, 0.779606E+02, 0.211447E+02, 0.000000E+00, 0.000000E+00, 0.000000E+00, 0.000000E+00, 0.000000E+00, 0.894708E+00, 0.000000E+00, 0.000000E+00, 0.000000E+00, 0.381085E+02, 0.255509E+02, 0.120001E+00, 0.313022E+03, 0.604369E+04, 0.106419E+06, 0.772416E+02, 0.189302E+02, 0.133762E+01, 0.174908E-01, 0.000000E+00, 0.000000E+00, 0.281813E-18, 0.237280E+01, 0.187266E+01, 0.187266E+01, 0.000000E+00, 0.779038E+02, 0.211715E+02, 0.000000E+00, 0.000000E+00, 0.000000E+00, 0.000000E+00, 0.000000E+00, 0.924716E+00, 0.000000E+00, 0.000000E+00, 0.000000E+00, 0.188574E+02, 0.678132E+03,-0.442985E+00, 0.100375E+06, 0.783575E+02, 0.209282E+02, 0.000000E+00, 0.000000E+00, 0.000000E+00, 0.000000E+00, 0.000000E+00, 0.714372E+00, 0.000000E+00, 0.000000E+00, 0.000000E+00, 0.214665E+02, 0.214943E+02, 0.690534E+01, 0.925820E+01,-0.198897E+03, 0.100135E+06, 0.778855E+02, 0.211890E+02, 0.000000E+00, 0.000000E+00, 0.000000E+00, 0.000000E+00, 0.000000E+00, 0.925482E+00, 0.000000E+00, 0.000000E+00, 0.000000E+00, 0.778843E+02, 0.211901E+02, 0.000000E+00, 0.000000E+00, 0.000000E+00, 0.000000E+00, 0.000000E+00, 0.925530E+00, 0.000000E+00, 0.000000E+00, 0.000000E+00, 0.213561E+02, 0.213767E+02, 0.337806E+01, 0.169872E+02,-0.198892E+03, 0.100135E+06, 0.778882E+02, 0.211864E+02, 0.000000E+00, 0.000000E+00, 0.000000E+00, 0.000000E+00, 0.000000E+00, 0.925368E+00, 0.000000E+00, 0.000000E+00, 0.000000E+00, 0.778845E+02, 0.211900E+02, 0.000000E+00, 0.000000E+00, 0.000000E+00, 0.000000E+00, 0.000000E+00, 0.925525E+00, 0.000000E+00, 0.000000E+00, 0.000000E+00, 0.214041E+02, 0.214274E+02, 0.349888E+01, 0.103400E+00,-0.204834E+03, 0.100129E+06, 0.778917E+02, 0.211830E+02, 0.000000E+00, 0.000000E+00, 0.000000E+00, 0.000000E+00, 0.000000E+00, 0.925220E+00, 0.000000E+00, 0.000000E+00, 0.000000E+00, 0.778845E+02, 0.211900E+02, 0.000000E+00, 0.000000E+00, 0.000000E+00, 0.000000E+00, 0.000000E+00, 0.925525E+00, 0.000000E+00, 0.000000E+00, 0.000000E+00, 0.212650E+02, 0.202385E+02, 0.284170E+01, 0.917068E+02, 0.656942E+00, 0.100292E+06, 0.778841E+02, 0.211966E+02, 0.000000E+00, 0.000000E+00, 0.000000E+00, 0.000000E+00, 0.000000E+00, 0.919357E+00, 0.000000E+00, 0.000000E+00, 0.000000E+00, 0.782015E+02, 0.210141E+02, 0.000000E+00, 0.000000E+00, 0.000000E+00, 0.000000E+00, 0.000000E+00, 0.784328E+00, 0.000000E+00, 0.000000E+00, 0.000000E+00, 0.213751E+02, 0.213958E+02, 0.347787E+01, 0.204989E+01, 0.611297E+00, 0.100292E+06, 0.779134E+02, 0.211758E+02, 0.000000E+00, 0.000000E+00, 0.000000E+00, 0.000000E+00, 0.000000E+00, 0.910713E+00, 0.000000E+00, 0.000000E+00, 0.000000E+00, 0.779122E+02, 0.211777E+02, 0.000000E+00, 0.000000E+00, 0.000000E+00, 0.000000E+00, 0.000000E+00, 0.910105E+00, 0.000000E+00, 0.000000E+00, 0.000000E+00, 0.100000E+01, 0.144250E-02, 0.454229E-03, 0.195318E+05, 0.195318E+05, 0.144340E+05, 0.444986E+04, 0.150820E+05, 0.000000E+00, 0.000000E+00, 0.000000E+00, 0.000000E+00, 0.000000E+00, 0.000000E+00, 0.000000E+00, 0.000000E+00, 0.000000E+00, 0.000000E+00, 0.000000E+00, 0.000000E+00, 0.000000E+00, 0.000000E+00, 0.000000E+00, 0.000000E+00, 0.000000E+00, 0.000000E+00, 0.000000E+00, 0.000000E+00, 0.000000E+00, 0.000000E+00, 0.000000E+00, 0.000000E+00, 0.000000E+00, 0.000000E+00, 0.000000E+00, 0.000000E+00, 0.000000E+00, 0.000000E+00, 0.000000E+00, 0.000000E+00, 0.000000E+00, 0.000000E+00, 0.000000E+00, 0.000000E+00, 0.000000E+00                      
 0.880000E+03, 0.181329E+02, 0.247555E+03,-0.269939E+00, 0.100375E+06, 0.785581E+02, 0.208195E+02, 0.000000E+00, 0.000000E+00, 0.000000E+00, 0.000000E+00, 0.000000E+00, 0.622403E+00, 0.000000E+00, 0.000000E+00, 0.000000E+00, 0.211327E+02, 0.204717E+02, 0.347709E+01, 0.224044E+01,-0.417735E+00, 0.100375E+06, 0.778233E+02, 0.212602E+02, 0.000000E+00, 0.000000E+00, 0.000000E+00, 0.000000E+00, 0.000000E+00, 0.916466E+00, 0.000000E+00, 0.000000E+00, 0.000000E+00, 0.781673E+02, 0.210326E+02, 0.000000E+00, 0.000000E+00, 0.000000E+00, 0.000000E+00, 0.000000E+00, 0.800056E+00, 0.000000E+00, 0.000000E+00, 0.000000E+00, 0.212675E+02, 0.212473E+02, 0.323132E+01, 0.374297E+02,-0.482209E+00, 0.100375E+06, 0.779075E+02, 0.211762E+02, 0.000000E+00, 0.000000E+00, 0.000000E+00, 0.000000E+00, 0.000000E+00, 0.916361E+00, 0.000000E+00, 0.000000E+00, 0.000000E+00, 0.779623E+02, 0.211438E+02, 0.000000E+00, 0.000000E+00, 0.000000E+00, 0.000000E+00, 0.000000E+00, 0.893923E+00, 0.000000E+00, 0.000000E+00, 0.000000E+00, 0.377091E+02, 0.254930E+02, 0.120001E+00, 0.313022E+03, 0.591249E+04, 0.106287E+06, 0.772406E+02, 0.189265E+02, 0.133981E+01, 0.175195E-01, 0.000000E+00, 0.000000E+00, 0.281799E-18, 0.237517E+01, 0.187582E+01, 0.187582E+01, 0.000000E+00, 0.779038E+02, 0.211715E+02, 0.000000E+00, 0.000000E+00, 0.000000E+00, 0.000000E+00, 0.000000E+00, 0.924716E+00, 0.000000E+00, 0.000000E+00, 0.000000E+00, 0.188482E+02, 0.678132E+03,-0.442252E+00, 0.100375E+06, 0.783601E+02, 0.209267E+02, 0.000000E+00, 0.000000E+00, 0.000000E+00, 0.000000E+00, 0.000000E+00, 0.713159E+00, 0.000000E+00, 0.000000E+00, 0.000000E+00, 0.214606E+02, 0.214883E+02, 0.690413E+01, 0.937688E+01,-0.200965E+03, 0.100132E+06, 0.778855E+02, 0.211890E+02, 0.000000E+00, 0.000000E+00, 0.000000E+00, 0.000000E+00, 0.000000E+00, 0.925482E+00, 0.000000E+00, 0.000000E+00, 0.000000E+00, 0.778843E+02, 0.211901E+02, 0.000000E+00, 0.000000E+00, 0.000000E+00, 0.000000E+00, 0.000000E+00, 0.925530E+00, 0.000000E+00, 0.000000E+00, 0.000000E+00, 0.213500E+02, 0.213705E+02, 0.337612E+01, 0.172579E+02,-0.200961E+03, 0.100132E+06, 0.778882E+02, 0.211865E+02, 0.000000E+00, 0.000000E+00, 0.000000E+00, 0.000000E+00, 0.000000E+00, 0.925371E+00, 0.000000E+00, 0.000000E+00, 0.000000E+00, 0.778845E+02, 0.211900E+02, 0.000000E+00, 0.000000E+00, 0.000000E+00, 0.000000E+00, 0.000000E+00, 0.925525E+00, 0.000000E+00, 0.000000E+00, 0.000000E+00, 0.213981E+02, 0.214213E+02, 0.349888E+01, 0.104111E+00,-0.206920E+03, 0.100127E+06, 0.778917E+02, 0.211831E+02, 0.000000E+00, 0.000000E+00, 0.000000E+00, 0.000000E+00, 0.000000E+00, 0.925223E+00, 0.000000E+00, 0.000000E+00, 0.000000E+00, 0.778845E+02, 0.211900E+02, 0.000000E+00, 0.000000E+00, 0.000000E+00, 0.000000E+00, 0.000000E+00, 0.925525E+00, 0.000000E+00, 0.000000E+00, 0.000000E+00, 0.212592E+02, 0.202266E+02, 0.283361E+01, 0.928336E+02, 0.655861E+00, 0.100292E+06, 0.778844E+02, 0.211963E+02, 0.000000E+00, 0.000000E+00, 0.000000E+00, 0.000000E+00, 0.000000E+00, 0.919241E+00, 0.000000E+00, 0.000000E+00, 0.000000E+00, 0.782055E+02, 0.210119E+02, 0.000000E+00, 0.000000E+00, 0.000000E+00, 0.000000E+00, 0.000000E+00, 0.782540E+00, 0.000000E+00, 0.000000E+00, 0.000000E+00, 0.213674E+02, 0.213879E+02, 0.347786E+01, 0.205053E+01, 0.610057E+00, 0.100292E+06, 0.779135E+02, 0.211758E+02, 0.000000E+00, 0.000000E+00, 0.000000E+00, 0.000000E+00, 0.000000E+00, 0.910705E+00, 0.000000E+00, 0.000000E+00, 0.000000E+00, 0.779132E+02, 0.211771E+02, 0.000000E+00, 0.000000E+00, 0.000000E+00, 0.000000E+00, 0.000000E+00, 0.909644E+00, 0.000000E+00, 0.000000E+00, 0.000000E+00, 0.100000E+01, 0.140424E-02, 0.434853E-03, 0.186987E+05, 0.186987E+05, 0.138183E+05, 0.433184E+04, 0.143668E+05, 0.000000E+00, 0.000000E+00, 0.000000E+00, 0.000000E+00, 0.000000E+00, 0.000000E+00, 0.000000E+00, 0.000000E+00, 0.000000E+00, 0.000000E+00, 0.000000E+00, 0.000000E+00, 0.000000E+00, 0.000000E+00, 0.000000E+00, 0.000000E+00, 0.000000E+00, 0.000000E+00, 0.000000E+00, 0.000000E+00, 0.000000E+00, 0.000000E+00, 0.000000E+00, 0.000000E+00, 0.000000E+00, 0.000000E+00, 0.000000E+00, 0.000000E+00, 0.000000E+00, 0.000000E+00, 0.000000E+00, 0.000000E+00, 0.000000E+00, 0.000000E+00, 0.000000E+00, 0.000000E+00, 0.000000E+00                      
 0.890000E+03, 0.181271E+02, 0.247555E+03,-0.269567E+00, 0.100375E+06, 0.785611E+02, 0.208178E+02, 0.000000E+00, 0.000000E+00, 0.000000E+00, 0.000000E+00, 0.000000E+00, 0.621064E+00, 0.000000E+00, 0.000000E+00, 0.000000E+00, 0.211267E+02, 0.204607E+02, 0.347709E+01, 0.224039E+01,-0.417034E+00, 0.100375E+06, 0.778233E+02, 0.212602E+02, 0.000000E+00, 0.000000E+00, 0.000000E+00, 0.000000E+00, 0.000000E+00, 0.916466E+00, 0.000000E+00, 0.000000E+00, 0.000000E+00, 0.781711E+02, 0.210306E+02, 0.000000E+00, 0.000000E+00, 0.000000E+00, 0.000000E+00, 0.000000E+00, 0.798311E+00, 0.000000E+00, 0.000000E+00, 0.000000E+00, 0.212612E+02, 0.212387E+02, 0.323128E+01, 0.374346E+02,-0.481566E+00, 0.100375E+06, 0.779075E+02, 0.211761E+02, 0.000000E+00, 0.000000E+00, 0.000000E+00, 0.000000E+00, 0.000000E+00, 0.916344E+00, 0.000000E+00, 0.000000E+00, 0.000000E+00, 0.779640E+02, 0.211428E+02, 0.000000E+00, 0.000000E+00, 0.000000E+00, 0.000000E+00, 0.000000E+00, 0.893131E+00, 0.000000E+00, 0.000000E+00, 0.000000E+00, 0.373202E+02, 0.254363E+02, 0.120001E+00, 0.313022E+03, 0.578472E+04, 0.106160E+06, 0.772395E+02, 0.189230E+02, 0.134190E+01, 0.175469E-01, 0.000000E+00, 0.000000E+00, 0.281784E-18, 0.237744E+01, 0.187885E+01, 0.187885E+01, 0.000000E+00, 0.779038E+02, 0.211715E+02, 0.000000E+00, 0.000000E+00, 0.000000E+00, 0.000000E+00, 0.000000E+00, 0.924716E+00, 0.000000E+00, 0.000000E+00, 0.000000E+00, 0.188391E+02, 0.678132E+03,-0.441534E+00, 0.100375E+06, 0.783628E+02, 0.209253E+02, 0.000000E+00, 0.000000E+00, 0.000000E+00, 0.000000E+00, 0.000000E+00, 0.711962E+00, 0.000000E+00, 0.000000E+00, 0.000000E+00, 0.214546E+02, 0.214823E+02, 0.690292E+01, 0.949539E+01,-0.203022E+03, 0.100130E+06, 0.778855E+02, 0.211891E+02, 0.000000E+00, 0.000000E+00, 0.000000E+00, 0.000000E+00, 0.000000E+00, 0.925483E+00, 0.000000E+00, 0.000000E+00, 0.000000E+00, 0.778843E+02, 0.211901E+02, 0.000000E+00, 0.000000E+00, 0.000000E+00, 0.000000E+00, 0.000000E+00, 0.925530E+00, 0.000000E+00, 0.000000E+00, 0.000000E+00, 0.213439E+02, 0.213644E+02, 0.337417E+01, 0.175285E+02,-0.203018E+03, 0.100130E+06, 0.778881E+02, 0.211865E+02, 0.000000E+00, 0.000000E+00, 0.000000E+00, 0.000000E+00, 0.000000E+00, 0.925373E+00, 0.000000E+00, 0.000000E+00, 0.000000E+00, 0.778845E+02, 0.211900E+02, 0.000000E+00, 0.000000E+00, 0.000000E+00, 0.000000E+00, 0.000000E+00, 0.925525E+00, 0.000000E+00, 0.000000E+00, 0.000000E+00, 0.213921E+02, 0.214152E+02, 0.349887E+01, 0.104818E+00,-0.208993E+03, 0.100124E+06, 0.778916E+02, 0.211831E+02, 0.000000E+00, 0.000000E+00, 0.000000E+00, 0.000000E+00, 0.000000E+00, 0.925225E+00, 0.000000E+00, 0.000000E+00, 0.000000E+00, 0.778845E+02, 0.211900E+02, 0.000000E+00, 0.000000E+00, 0.000000E+00, 0.000000E+00, 0.000000E+00, 0.925525E+00, 0.000000E+00, 0.000000E+00, 0.000000E+00, 0.212533E+02, 0.202149E+02, 0.282550E+01, 0.939622E+02, 0.654807E+00, 0.100292E+06, 0.778848E+02, 0.211961E+02, 0.000000E+00, 0.000000E+00, 0.000000E+00, 0.000000E+00, 0.000000E+00, 0.919121E+00, 0.000000E+00, 0.000000E+00, 0.000000E+00, 0.782095E+02, 0.210098E+02, 0.000000E+00, 0.000000E+00, 0.000000E+00, 0.000000E+00, 0.000000E+00, 0.780764E+00, 0.000000E+00, 0.000000E+00, 0.000000E+00, 0.213597E+02, 0.213801E+02, 0.347785E+01, 0.205116E+01, 0.608850E+00, 0.100292E+06, 0.779135E+02, 0.211758E+02, 0.000000E+00, 0.000000E+00, 0.000000E+00, 0.000000E+00, 0.000000E+00, 0.910696E+00, 0.000000E+00, 0.000000E+00, 0.000000E+00, 0.779143E+02, 0.211765E+02, 0.000000E+00, 0.000000E+00, 0.000000E+00, 0.000000E+00, 0.000000E+00, 0.909177E+00, 0.000000E+00, 0.000000E+00, 0.000000E+00, 0.100000E+01, 0.136677E-02, 0.416303E-03, 0.179010E+05, 0.179010E+05, 0.132289E+05, 0.421625E+04, 0.136848E+05, 0.000000E+00, 0.000000E+00, 0.000000E+00, 0.000000E+00, 0.000000E+00, 0.000000E+00, 0.000000E+00, 0.000000E+00, 0.000000E+00, 0.000000E+00, 0.000000E+00, 0.000000E+00, 0.000000E+00, 0.000000E+00, 0.000000E+00, 0.000000E+00, 0.000000E+00, 0.000000E+00, 0.000000E+00, 0.000000E+00, 0.000000E+00, 0.000000E+00, 0.000000E+00, 0.000000E+00, 0.000000E+00, 0.000000E+00, 0.000000E+00, 0.000000E+00, 0.000000E+00, 0.000000E+00, 0.000000E+00, 0.000000E+00, 0.000000E+00, 0.000000E+00, 0.000000E+00, 0.000000E+00, 0.000000E+00                      
 0.900000E+03, 0.181214E+02, 0.247555E+03,-0.269202E+00, 0.100375E+06, 0.785640E+02, 0.208162E+02, 0.000000E+00, 0.000000E+00, 0.000000E+00, 0.000000E+00, 0.000000E+00, 0.619747E+00, 0.000000E+00, 0.000000E+00, 0.000000E+00, 0.211208E+02, 0.204498E+02, 0.347709E+01, 0.224035E+01,-0.416347E+00, 0.100375E+06, 0.778233E+02, 0.212602E+02, 0.000000E+00, 0.000000E+00, 0.000000E+00, 0.000000E+00, 0.000000E+00, 0.916466E+00, 0.000000E+00, 0.000000E+00, 0.000000E+00, 0.781750E+02, 0.210285E+02, 0.000000E+00, 0.000000E+00, 0.000000E+00, 0.000000E+00, 0.000000E+00, 0.796572E+00, 0.000000E+00, 0.000000E+00, 0.000000E+00, 0.212549E+02, 0.212300E+02, 0.323125E+01, 0.374393E+02,-0.480932E+00, 0.100375E+06, 0.779076E+02, 0.211761E+02, 0.000000E+00, 0.000000E+00, 0.000000E+00, 0.000000E+00, 0.000000E+00, 0.916326E+00, 0.000000E+00, 0.000000E+00, 0.000000E+00, 0.779658E+02, 0.211419E+02, 0.000000E+00, 0.000000E+00, 0.000000E+00, 0.000000E+00, 0.000000E+00, 0.892333E+00, 0.000000E+00, 0.000000E+00, 0.000000E+00, 0.369416E+02, 0.253808E+02, 0.120001E+00, 0.313022E+03, 0.566028E+04, 0.106035E+06, 0.772386E+02, 0.189196E+02, 0.134391E+01, 0.175731E-01, 0.000000E+00, 0.000000E+00, 0.281770E-18, 0.237961E+01, 0.188175E+01, 0.188175E+01, 0.000000E+00, 0.779038E+02, 0.211715E+02, 0.000000E+00, 0.000000E+00, 0.000000E+00, 0.000000E+00, 0.000000E+00, 0.924715E+00, 0.000000E+00, 0.000000E+00, 0.000000E+00, 0.188303E+02, 0.678132E+03,-0.440830E+00, 0.100375E+06, 0.783654E+02, 0.209239E+02, 0.000000E+00, 0.000000E+00, 0.000000E+00, 0.000000E+00, 0.000000E+00, 0.710780E+00, 0.000000E+00, 0.000000E+00, 0.000000E+00, 0.214488E+02, 0.214764E+02, 0.690171E+01, 0.961372E+01,-0.205068E+03, 0.100128E+06, 0.778854E+02, 0.211891E+02, 0.000000E+00, 0.000000E+00, 0.000000E+00, 0.000000E+00, 0.000000E+00, 0.925484E+00, 0.000000E+00, 0.000000E+00, 0.000000E+00, 0.778843E+02, 0.211901E+02, 0.000000E+00, 0.000000E+00, 0.000000E+00, 0.000000E+00, 0.000000E+00, 0.925530E+00, 0.000000E+00, 0.000000E+00, 0.000000E+00, 0.213378E+02, 0.213583E+02, 0.337223E+01, 0.177992E+02,-0.205063E+03, 0.100128E+06, 0.778880E+02, 0.211866E+02, 0.000000E+00, 0.000000E+00, 0.000000E+00, 0.000000E+00, 0.000000E+00, 0.925375E+00, 0.000000E+00, 0.000000E+00, 0.000000E+00, 0.778845E+02, 0.211900E+02, 0.000000E+00, 0.000000E+00, 0.000000E+00, 0.000000E+00, 0.000000E+00, 0.925525E+00, 0.000000E+00, 0.000000E+00, 0.000000E+00, 0.213861E+02, 0.214091E+02, 0.349886E+01, 0.105521E+00,-0.211055E+03, 0.100122E+06, 0.778916E+02, 0.211832E+02, 0.000000E+00, 0.000000E+00, 0.000000E+00, 0.000000E+00, 0.000000E+00, 0.925227E+00, 0.000000E+00, 0.000000E+00, 0.000000E+00, 0.778845E+02, 0.211900E+02, 0.000000E+00, 0.000000E+00, 0.000000E+00, 0.000000E+00, 0.000000E+00, 0.925525E+00, 0.000000E+00, 0.000000E+00, 0.000000E+00, 0.212475E+02, 0.202034E+02, 0.281739E+01, 0.950927E+02, 0.653777E+00, 0.100292E+06, 0.778852E+02, 0.211958E+02, 0.000000E+00, 0.000000E+00, 0.000000E+00, 0.000000E+00, 0.000000E+00, 0.918999E+00, 0.000000E+00, 0.000000E+00, 0.000000E+00, 0.782134E+02, 0.210076E+02, 0.000000E+00, 0.000000E+00, 0.000000E+00, 0.000000E+00, 0.000000E+00, 0.779000E+00, 0.000000E+00, 0.000000E+00, 0.000000E+00, 0.213521E+02, 0.213722E+02, 0.347785E+01, 0.205177E+01, 0.607674E+00, 0.100292E+06, 0.779135E+02, 0.211758E+02, 0.000000E+00, 0.000000E+00, 0.000000E+00, 0.000000E+00, 0.000000E+00, 0.910688E+00, 0.000000E+00, 0.000000E+00, 0.000000E+00, 0.779154E+02, 0.211759E+02, 0.000000E+00, 0.000000E+00, 0.000000E+00, 0.000000E+00, 0.000000E+00, 0.908705E+00, 0.000000E+00, 0.000000E+00, 0.000000E+00, 0.100000E+01, 0.133009E-02, 0.398545E-03, 0.171374E+05, 0.171374E+05, 0.126646E+05, 0.410309E+04, 0.130344E+05, 0.000000E+00, 0.000000E+00, 0.000000E+00, 0.000000E+00, 0.000000E+00, 0.000000E+00, 0.000000E+00, 0.000000E+00, 0.000000E+00, 0.000000E+00, 0.000000E+00, 0.000000E+00, 0.000000E+00, 0.000000E+00, 0.000000E+00, 0.000000E+00, 0.000000E+00, 0.000000E+00, 0.000000E+00, 0.000000E+00, 0.000000E+00, 0.000000E+00, 0.000000E+00, 0.000000E+00, 0.000000E+00, 0.000000E+00, 0.000000E+00, 0.000000E+00, 0.000000E+00, 0.000000E+00, 0.000000E+00, 0.000000E+00, 0.000000E+00, 0.000000E+00, 0.000000E+00, 0.000000E+00, 0.000000E+00                      
 0.910000E+03, 0.181158E+02, 0.247555E+03,-0.268846E+00, 0.100375E+06, 0.785669E+02, 0.208146E+02, 0.000000E+00, 0.000000E+00, 0.000000E+00, 0.000000E+00, 0.000000E+00, 0.618451E+00, 0.000000E+00, 0.000000E+00, 0.000000E+00, 0.211149E+02, 0.204391E+02, 0.347709E+01, 0.224030E+01,-0.415672E+00, 0.100375E+06, 0.778233E+02, 0.212602E+02, 0.000000E+00, 0.000000E+00, 0.000000E+00, 0.000000E+00, 0.000000E+00, 0.916466E+00, 0.000000E+00, 0.000000E+00, 0.000000E+00, 0.781788E+02, 0.210264E+02, 0.000000E+00, 0.000000E+00, 0.000000E+00, 0.000000E+00, 0.000000E+00, 0.794840E+00, 0.000000E+00, 0.000000E+00, 0.000000E+00, 0.212488E+02, 0.212215E+02, 0.323121E+01, 0.374440E+02,-0.480308E+00, 0.100375E+06, 0.779076E+02, 0.211761E+02, 0.000000E+00, 0.000000E+00, 0.000000E+00, 0.000000E+00, 0.000000E+00, 0.916308E+00, 0.000000E+00, 0.000000E+00, 0.000000E+00, 0.779675E+02, 0.211409E+02, 0.000000E+00, 0.000000E+00, 0.000000E+00, 0.000000E+00, 0.000000E+00, 0.891528E+00, 0.000000E+00, 0.000000E+00, 0.000000E+00, 0.365730E+02, 0.253264E+02, 0.120001E+00, 0.313022E+03, 0.553911E+04, 0.105914E+06, 0.772376E+02, 0.189164E+02, 0.134583E+01, 0.175982E-01, 0.000000E+00, 0.000000E+00, 0.281757E-18, 0.238169E+01, 0.188453E+01, 0.188453E+01, 0.000000E+00, 0.779038E+02, 0.211715E+02, 0.000000E+00, 0.000000E+00, 0.000000E+00, 0.000000E+00, 0.000000E+00, 0.924715E+00, 0.000000E+00, 0.000000E+00, 0.000000E+00, 0.188216E+02, 0.678132E+03,-0.440141E+00, 0.100375E+06, 0.783679E+02, 0.209225E+02, 0.000000E+00, 0.000000E+00, 0.000000E+00, 0.000000E+00, 0.000000E+00, 0.709615E+00, 0.000000E+00, 0.000000E+00, 0.000000E+00, 0.214429E+02, 0.214705E+02, 0.690050E+01, 0.973189E+01,-0.207103E+03, 0.100126E+06, 0.778854E+02, 0.211891E+02, 0.000000E+00, 0.000000E+00, 0.000000E+00, 0.000000E+00, 0.000000E+00, 0.925484E+00, 0.000000E+00, 0.000000E+00, 0.000000E+00, 0.778843E+02, 0.211901E+02, 0.000000E+00, 0.000000E+00, 0.000000E+00, 0.000000E+00, 0.000000E+00, 0.925530E+00, 0.000000E+00, 0.000000E+00, 0.000000E+00, 0.213318E+02, 0.213522E+02, 0.337029E+01, 0.180698E+02,-0.207098E+03, 0.100126E+06, 0.778880E+02, 0.211866E+02, 0.000000E+00, 0.000000E+00, 0.000000E+00, 0.000000E+00, 0.000000E+00, 0.925378E+00, 0.000000E+00, 0.000000E+00, 0.000000E+00, 0.778845E+02, 0.211900E+02, 0.000000E+00, 0.000000E+00, 0.000000E+00, 0.000000E+00, 0.000000E+00, 0.925525E+00, 0.000000E+00, 0.000000E+00, 0.000000E+00, 0.213801E+02, 0.214031E+02, 0.349885E+01, 0.106218E+00,-0.213104E+03, 0.100120E+06, 0.778915E+02, 0.211832E+02, 0.000000E+00, 0.000000E+00, 0.000000E+00, 0.000000E+00, 0.000000E+00, 0.925229E+00, 0.000000E+00, 0.000000E+00, 0.000000E+00, 0.778845E+02, 0.211900E+02, 0.000000E+00, 0.000000E+00, 0.000000E+00, 0.000000E+00, 0.000000E+00, 0.925525E+00, 0.000000E+00, 0.000000E+00, 0.000000E+00, 0.212417E+02, 0.201921E+02, 0.280926E+01, 0.962249E+02, 0.652772E+00, 0.100292E+06, 0.778855E+02, 0.211956E+02, 0.000000E+00, 0.000000E+00, 0.000000E+00, 0.000000E+00, 0.000000E+00, 0.918874E+00, 0.000000E+00, 0.000000E+00, 0.000000E+00, 0.782173E+02, 0.210054E+02, 0.000000E+00, 0.000000E+00, 0.000000E+00, 0.000000E+00, 0.000000E+00, 0.777247E+00, 0.000000E+00, 0.000000E+00, 0.000000E+00, 0.213445E+02, 0.213644E+02, 0.347784E+01, 0.205236E+01, 0.606529E+00, 0.100292E+06, 0.779135E+02, 0.211758E+02, 0.000000E+00, 0.000000E+00, 0.000000E+00, 0.000000E+00, 0.000000E+00, 0.910680E+00, 0.000000E+00, 0.000000E+00, 0.000000E+00, 0.779165E+02, 0.211753E+02, 0.000000E+00, 0.000000E+00, 0.000000E+00, 0.000000E+00, 0.000000E+00, 0.908227E+00, 0.000000E+00, 0.000000E+00, 0.000000E+00, 0.100000E+01, 0.129420E-02, 0.381545E-03, 0.164064E+05, 0.164064E+05, 0.121243E+05, 0.399237E+04, 0.124141E+05, 0.000000E+00, 0.000000E+00, 0.000000E+00, 0.000000E+00, 0.000000E+00, 0.000000E+00, 0.000000E+00, 0.000000E+00, 0.000000E+00, 0.000000E+00, 0.000000E+00, 0.000000E+00, 0.000000E+00, 0.000000E+00, 0.000000E+00, 0.000000E+00, 0.000000E+00, 0.000000E+00, 0.000000E+00, 0.000000E+00, 0.000000E+00, 0.000000E+00, 0.000000E+00, 0.000000E+00, 0.000000E+00, 0.000000E+00, 0.000000E+00, 0.000000E+00, 0.000000E+00, 0.000000E+00, 0.000000E+00, 0.000000E+00, 0.000000E+00, 0.000000E+00, 0.000000E+00, 0.000000E+00, 0.000000E+00                      
 0.920000E+03, 0.181103E+02, 0.247555E+03,-0.268497E+00, 0.100375E+06, 0.785697E+02, 0.208131E+02, 0.000000E+00, 0.000000E+00, 0.000000E+00, 0.000000E+00, 0.000000E+00, 0.617177E+00, 0.000000E+00, 0.000000E+00, 0.000000E+00, 0.211091E+02, 0.204285E+02, 0.347710E+01, 0.224026E+01,-0.415010E+00, 0.100375E+06, 0.778233E+02, 0.212602E+02, 0.000000E+00, 0.000000E+00, 0.000000E+00, 0.000000E+00, 0.000000E+00, 0.916466E+00, 0.000000E+00, 0.000000E+00, 0.000000E+00, 0.781826E+02, 0.210243E+02, 0.000000E+00, 0.000000E+00, 0.000000E+00, 0.000000E+00, 0.000000E+00, 0.793114E+00, 0.000000E+00, 0.000000E+00, 0.000000E+00, 0.212427E+02, 0.212130E+02, 0.323118E+01, 0.374485E+02,-0.479692E+00, 0.100375E+06, 0.779076E+02, 0.211761E+02, 0.000000E+00, 0.000000E+00, 0.000000E+00, 0.000000E+00, 0.000000E+00, 0.916291E+00, 0.000000E+00, 0.000000E+00, 0.000000E+00, 0.779693E+02, 0.211400E+02, 0.000000E+00, 0.000000E+00, 0.000000E+00, 0.000000E+00, 0.000000E+00, 0.890718E+00, 0.000000E+00, 0.000000E+00, 0.000000E+00, 0.362142E+02, 0.252732E+02, 0.120001E+00, 0.313022E+03, 0.542114E+04, 0.105796E+06, 0.772367E+02, 0.189133E+02, 0.134767E+01, 0.176223E-01, 0.000000E+00, 0.000000E+00, 0.281744E-18, 0.238367E+01, 0.188719E+01, 0.188719E+01, 0.000000E+00, 0.779038E+02, 0.211715E+02, 0.000000E+00, 0.000000E+00, 0.000000E+00, 0.000000E+00, 0.000000E+00, 0.924715E+00, 0.000000E+00, 0.000000E+00, 0.000000E+00, 0.188131E+02, 0.678132E+03,-0.439465E+00, 0.100375E+06, 0.783704E+02, 0.209211E+02, 0.000000E+00, 0.000000E+00, 0.000000E+00, 0.000000E+00, 0.000000E+00, 0.708464E+00, 0.000000E+00, 0.000000E+00, 0.000000E+00, 0.214370E+02, 0.214646E+02, 0.689929E+01, 0.984989E+01,-0.209127E+03, 0.100124E+06, 0.778854E+02, 0.211891E+02, 0.000000E+00, 0.000000E+00, 0.000000E+00, 0.000000E+00, 0.000000E+00, 0.925485E+00, 0.000000E+00, 0.000000E+00, 0.000000E+00, 0.778843E+02, 0.211901E+02, 0.000000E+00, 0.000000E+00, 0.000000E+00, 0.000000E+00, 0.000000E+00, 0.925530E+00, 0.000000E+00, 0.000000E+00, 0.000000E+00, 0.213259E+02, 0.213462E+02, 0.336835E+01, 0.183404E+02,-0.209122E+03, 0.100124E+06, 0.778879E+02, 0.211867E+02, 0.000000E+00, 0.000000E+00, 0.000000E+00, 0.000000E+00, 0.000000E+00, 0.925380E+00, 0.000000E+00, 0.000000E+00, 0.000000E+00, 0.778845E+02, 0.211900E+02, 0.000000E+00, 0.000000E+00, 0.000000E+00, 0.000000E+00, 0.000000E+00, 0.925525E+00, 0.000000E+00, 0.000000E+00, 0.000000E+00, 0.213742E+02, 0.213971E+02, 0.349885E+01, 0.106911E+00,-0.215141E+03, 0.100118E+06, 0.778915E+02, 0.211833E+02, 0.000000E+00, 0.000000E+00, 0.000000E+00, 0.000000E+00, 0.000000E+00, 0.925231E+00, 0.000000E+00, 0.000000E+00, 0.000000E+00, 0.778845E+02, 0.211900E+02, 0.000000E+00, 0.000000E+00, 0.000000E+00, 0.000000E+00, 0.000000E+00, 0.925525E+00, 0.000000E+00, 0.000000E+00, 0.000000E+00, 0.212360E+02, 0.201810E+02, 0.280112E+01, 0.973587E+02, 0.651790E+00, 0.100292E+06, 0.778859E+02, 0.211954E+02, 0.000000E+00, 0.000000E+00, 0.000000E+00, 0.000000E+00, 0.000000E+00, 0.918746E+00, 0.000000E+00, 0.000000E+00, 0.000000E+00, 0.782212E+02, 0.210033E+02, 0.000000E+00, 0.000000E+00, 0.000000E+00, 0.000000E+00, 0.000000E+00, 0.775507E+00, 0.000000E+00, 0.000000E+00, 0.000000E+00, 0.213369E+02, 0.213567E+02, 0.347783E+01, 0.205295E+01, 0.605411E+00, 0.100292E+06, 0.779135E+02, 0.211758E+02, 0.000000E+00, 0.000000E+00, 0.000000E+00, 0.000000E+00, 0.000000E+00, 0.910672E+00, 0.000000E+00, 0.000000E+00, 0.000000E+00, 0.779176E+02, 0.211747E+02, 0.000000E+00, 0.000000E+00, 0.000000E+00, 0.000000E+00, 0.000000E+00, 0.907744E+00, 0.000000E+00, 0.000000E+00, 0.000000E+00, 0.100000E+01, 0.125910E-02, 0.365269E-03, 0.157066E+05, 0.157066E+05, 0.116072E+05, 0.388410E+04, 0.118225E+05, 0.000000E+00, 0.000000E+00, 0.000000E+00, 0.000000E+00, 0.000000E+00, 0.000000E+00, 0.000000E+00, 0.000000E+00, 0.000000E+00, 0.000000E+00, 0.000000E+00, 0.000000E+00, 0.000000E+00, 0.000000E+00, 0.000000E+00, 0.000000E+00, 0.000000E+00, 0.000000E+00, 0.000000E+00, 0.000000E+00, 0.000000E+00, 0.000000E+00, 0.000000E+00, 0.000000E+00, 0.000000E+00, 0.000000E+00, 0.000000E+00, 0.000000E+00, 0.000000E+00, 0.000000E+00, 0.000000E+00, 0.000000E+00, 0.000000E+00, 0.000000E+00, 0.000000E+00, 0.000000E+00, 0.000000E+00                      
 0.930000E+03, 0.181050E+02, 0.247555E+03,-0.268155E+00, 0.100375E+06, 0.785725E+02, 0.208116E+02, 0.000000E+00, 0.000000E+00, 0.000000E+00, 0.000000E+00, 0.000000E+00, 0.615922E+00, 0.000000E+00, 0.000000E+00, 0.000000E+00, 0.211033E+02, 0.204182E+02, 0.347710E+01, 0.224021E+01,-0.414359E+00, 0.100375E+06, 0.778233E+02, 0.212602E+02, 0.000000E+00, 0.000000E+00, 0.000000E+00, 0.000000E+00, 0.000000E+00, 0.916466E+00, 0.000000E+00, 0.000000E+00, 0.000000E+00, 0.781864E+02, 0.210223E+02, 0.000000E+00, 0.000000E+00, 0.000000E+00, 0.000000E+00, 0.000000E+00, 0.791394E+00, 0.000000E+00, 0.000000E+00, 0.000000E+00, 0.212367E+02, 0.212045E+02, 0.323115E+01, 0.374530E+02,-0.479085E+00, 0.100375E+06, 0.779077E+02, 0.211761E+02, 0.000000E+00, 0.000000E+00, 0.000000E+00, 0.000000E+00, 0.000000E+00, 0.916274E+00, 0.000000E+00, 0.000000E+00, 0.000000E+00, 0.779711E+02, 0.211390E+02, 0.000000E+00, 0.000000E+00, 0.000000E+00, 0.000000E+00, 0.000000E+00, 0.889902E+00, 0.000000E+00, 0.000000E+00, 0.000000E+00, 0.358650E+02, 0.252211E+02, 0.120001E+00, 0.313022E+03, 0.530628E+04, 0.105681E+06, 0.772359E+02, 0.189103E+02, 0.134942E+01, 0.176452E-01, 0.000000E+00, 0.000000E+00, 0.281731E-18, 0.238558E+01, 0.188974E+01, 0.188974E+01, 0.000000E+00, 0.779038E+02, 0.211715E+02, 0.000000E+00, 0.000000E+00, 0.000000E+00, 0.000000E+00, 0.000000E+00, 0.924715E+00, 0.000000E+00, 0.000000E+00, 0.000000E+00, 0.188048E+02, 0.678132E+03,-0.438802E+00, 0.100375E+06, 0.783729E+02, 0.209197E+02, 0.000000E+00, 0.000000E+00, 0.000000E+00, 0.000000E+00, 0.000000E+00, 0.707329E+00, 0.000000E+00, 0.000000E+00, 0.000000E+00, 0.214312E+02, 0.214587E+02, 0.689809E+01, 0.996772E+01,-0.211140E+03, 0.100122E+06, 0.778854E+02, 0.211891E+02, 0.000000E+00, 0.000000E+00, 0.000000E+00, 0.000000E+00, 0.000000E+00, 0.925485E+00, 0.000000E+00, 0.000000E+00, 0.000000E+00, 0.778843E+02, 0.211901E+02, 0.000000E+00, 0.000000E+00, 0.000000E+00, 0.000000E+00, 0.000000E+00, 0.925530E+00, 0.000000E+00, 0.000000E+00, 0.000000E+00, 0.213200E+02, 0.213402E+02, 0.336640E+01, 0.186108E+02,-0.211135E+03, 0.100122E+06, 0.778879E+02, 0.211867E+02, 0.000000E+00, 0.000000E+00, 0.000000E+00, 0.000000E+00, 0.000000E+00, 0.925382E+00, 0.000000E+00, 0.000000E+00, 0.000000E+00, 0.778845E+02, 0.211900E+02, 0.000000E+00, 0.000000E+00, 0.000000E+00, 0.000000E+00, 0.000000E+00, 0.925525E+00, 0.000000E+00, 0.000000E+00, 0.000000E+00, 0.213683E+02, 0.213911E+02, 0.349884E+01, 0.107599E+00,-0.217167E+03, 0.100116E+06, 0.778914E+02, 0.211833E+02, 0.000000E+00, 0.000000E+00, 0.000000E+00, 0.000000E+00, 0.000000E+00, 0.925233E+00, 0.000000E+00, 0.000000E+00, 0.000000E+00, 0.778845E+02, 0.211900E+02, 0.000000E+00, 0.000000E+00, 0.000000E+00, 0.000000E+00, 0.000000E+00, 0.925525E+00, 0.000000E+00, 0.000000E+00, 0.000000E+00, 0.212303E+02, 0.201701E+02, 0.279297E+01, 0.984940E+02, 0.650830E+00, 0.100292E+06, 0.778863E+02, 0.211951E+02, 0.000000E+00, 0.000000E+00, 0.000000E+00, 0.000000E+00, 0.000000E+00, 0.918615E+00, 0.000000E+00, 0.000000E+00, 0.000000E+00, 0.782250E+02, 0.210012E+02, 0.000000E+00, 0.000000E+00, 0.000000E+00, 0.000000E+00, 0.000000E+00, 0.773778E+00, 0.000000E+00, 0.000000E+00, 0.000000E+00, 0.213294E+02, 0.213490E+02, 0.347783E+01, 0.205352E+01, 0.604322E+00, 0.100292E+06, 0.779135E+02, 0.211758E+02, 0.000000E+00, 0.000000E+00, 0.000000E+00, 0.000000E+00, 0.000000E+00, 0.910663E+00, 0.000000E+00, 0.000000E+00, 0.000000E+00, 0.779187E+02, 0.211740E+02, 0.000000E+00, 0.000000E+00, 0.000000E+00, 0.000000E+00, 0.000000E+00, 0.907256E+00, 0.000000E+00, 0.000000E+00, 0.000000E+00, 0.100000E+01, 0.122479E-02, 0.349688E-03, 0.150366E+05, 0.150366E+05, 0.111120E+05, 0.377826E+04, 0.112583E+05, 0.000000E+00, 0.000000E+00, 0.000000E+00, 0.000000E+00, 0.000000E+00, 0.000000E+00, 0.000000E+00, 0.000000E+00, 0.000000E+00, 0.000000E+00, 0.000000E+00, 0.000000E+00, 0.000000E+00, 0.000000E+00, 0.000000E+00, 0.000000E+00, 0.000000E+00, 0.000000E+00, 0.000000E+00, 0.000000E+00, 0.000000E+00, 0.000000E+00, 0.000000E+00, 0.000000E+00, 0.000000E+00, 0.000000E+00, 0.000000E+00, 0.000000E+00, 0.000000E+00, 0.000000E+00, 0.000000E+00, 0.000000E+00, 0.000000E+00, 0.000000E+00, 0.000000E+00, 0.000000E+00, 0.000000E+00                      
 0.940000E+03, 0.180997E+02, 0.247555E+03,-0.267821E+00, 0.100375E+06, 0.785753E+02, 0.208101E+02, 0.000000E+00, 0.000000E+00, 0.000000E+00, 0.000000E+00, 0.000000E+00, 0.614688E+00, 0.000000E+00, 0.000000E+00, 0.000000E+00, 0.210976E+02, 0.204080E+02, 0.347710E+01, 0.224017E+01,-0.413721E+00, 0.100375E+06, 0.778233E+02, 0.212602E+02, 0.000000E+00, 0.000000E+00, 0.000000E+00, 0.000000E+00, 0.000000E+00, 0.916466E+00, 0.000000E+00, 0.000000E+00, 0.000000E+00, 0.781901E+02, 0.210202E+02, 0.000000E+00, 0.000000E+00, 0.000000E+00, 0.000000E+00, 0.000000E+00, 0.789681E+00, 0.000000E+00, 0.000000E+00, 0.000000E+00, 0.212308E+02, 0.211962E+02, 0.323112E+01, 0.374574E+02,-0.478486E+00, 0.100375E+06, 0.779077E+02, 0.211760E+02, 0.000000E+00, 0.000000E+00, 0.000000E+00, 0.000000E+00, 0.000000E+00, 0.916256E+00, 0.000000E+00, 0.000000E+00, 0.000000E+00, 0.779729E+02, 0.211380E+02, 0.000000E+00, 0.000000E+00, 0.000000E+00, 0.000000E+00, 0.000000E+00, 0.889080E+00, 0.000000E+00, 0.000000E+00, 0.000000E+00, 0.355252E+02, 0.251701E+02, 0.120001E+00, 0.313022E+03, 0.519447E+04, 0.105569E+06, 0.772351E+02, 0.189075E+02, 0.135110E+01, 0.176672E-01, 0.000000E+00, 0.000000E+00, 0.281719E-18, 0.238740E+01, 0.189218E+01, 0.189218E+01, 0.000000E+00, 0.779038E+02, 0.211715E+02, 0.000000E+00, 0.000000E+00, 0.000000E+00, 0.000000E+00, 0.000000E+00, 0.924715E+00, 0.000000E+00, 0.000000E+00, 0.000000E+00, 0.187966E+02, 0.678132E+03,-0.438152E+00, 0.100375E+06, 0.783754E+02, 0.209184E+02, 0.000000E+00, 0.000000E+00, 0.000000E+00, 0.000000E+00, 0.000000E+00, 0.706208E+00, 0.000000E+00, 0.000000E+00, 0.000000E+00, 0.214254E+02, 0.214529E+02, 0.689689E+01, 0.100854E+02,-0.213142E+03, 0.100120E+06, 0.778854E+02, 0.211891E+02, 0.000000E+00, 0.000000E+00, 0.000000E+00, 0.000000E+00, 0.000000E+00, 0.925486E+00, 0.000000E+00, 0.000000E+00, 0.000000E+00, 0.778843E+02, 0.211901E+02, 0.000000E+00, 0.000000E+00, 0.000000E+00, 0.000000E+00, 0.000000E+00, 0.925530E+00, 0.000000E+00, 0.000000E+00, 0.000000E+00, 0.213141E+02, 0.213342E+02, 0.336446E+01, 0.188811E+02,-0.213137E+03, 0.100120E+06, 0.778878E+02, 0.211868E+02, 0.000000E+00, 0.000000E+00, 0.000000E+00, 0.000000E+00, 0.000000E+00, 0.925384E+00, 0.000000E+00, 0.000000E+00, 0.000000E+00, 0.778845E+02, 0.211900E+02, 0.000000E+00, 0.000000E+00, 0.000000E+00, 0.000000E+00, 0.000000E+00, 0.925525E+00, 0.000000E+00, 0.000000E+00, 0.000000E+00, 0.213625E+02, 0.213852E+02, 0.349883E+01, 0.108283E+00,-0.219180E+03, 0.100114E+06, 0.778914E+02, 0.211834E+02, 0.000000E+00, 0.000000E+00, 0.000000E+00, 0.000000E+00, 0.000000E+00, 0.925235E+00, 0.000000E+00, 0.000000E+00, 0.000000E+00, 0.778845E+02, 0.211900E+02, 0.000000E+00, 0.000000E+00, 0.000000E+00, 0.000000E+00, 0.000000E+00, 0.925525E+00, 0.000000E+00, 0.000000E+00, 0.000000E+00, 0.212246E+02, 0.201593E+02, 0.278481E+01, 0.996309E+02, 0.649892E+00, 0.100292E+06, 0.778867E+02, 0.211949E+02, 0.000000E+00, 0.000000E+00, 0.000000E+00, 0.000000E+00, 0.000000E+00, 0.918481E+00, 0.000000E+00, 0.000000E+00, 0.000000E+00, 0.782288E+02, 0.209991E+02, 0.000000E+00, 0.000000E+00, 0.000000E+00, 0.000000E+00, 0.000000E+00, 0.772061E+00, 0.000000E+00, 0.000000E+00, 0.000000E+00, 0.213220E+02, 0.213413E+02, 0.347782E+01, 0.205407E+01, 0.603260E+00, 0.100292E+06, 0.779136E+02, 0.211758E+02, 0.000000E+00, 0.000000E+00, 0.000000E+00, 0.000000E+00, 0.000000E+00, 0.910655E+00, 0.000000E+00, 0.000000E+00, 0.000000E+00, 0.779199E+02, 0.211734E+02, 0.000000E+00, 0.000000E+00, 0.000000E+00, 0.000000E+00, 0.000000E+00, 0.906763E+00, 0.000000E+00, 0.000000E+00, 0.000000E+00, 0.100000E+01, 0.119127E-02, 0.334772E-03, 0.143952E+05, 0.143952E+05, 0.106380E+05, 0.367485E+04, 0.107203E+05, 0.000000E+00, 0.000000E+00, 0.000000E+00, 0.000000E+00, 0.000000E+00, 0.000000E+00, 0.000000E+00, 0.000000E+00, 0.000000E+00, 0.000000E+00, 0.000000E+00, 0.000000E+00, 0.000000E+00, 0.000000E+00, 0.000000E+00, 0.000000E+00, 0.000000E+00, 0.000000E+00, 0.000000E+00, 0.000000E+00, 0.000000E+00, 0.000000E+00, 0.000000E+00, 0.000000E+00, 0.000000E+00, 0.000000E+00, 0.000000E+00, 0.000000E+00, 0.000000E+00, 0.000000E+00, 0.000000E+00, 0.000000E+00, 0.000000E+00, 0.000000E+00, 0.000000E+00, 0.000000E+00, 0.000000E+00                      
 0.950000E+03, 0.180946E+02, 0.247555E+03,-0.267493E+00, 0.100375E+06, 0.785779E+02, 0.208086E+02, 0.000000E+00, 0.000000E+00, 0.000000E+00, 0.000000E+00, 0.000000E+00, 0.613473E+00, 0.000000E+00, 0.000000E+00, 0.000000E+00, 0.210919E+02, 0.203979E+02, 0.347710E+01, 0.224013E+01,-0.413094E+00, 0.100375E+06, 0.778233E+02, 0.212602E+02, 0.000000E+00, 0.000000E+00, 0.000000E+00, 0.000000E+00, 0.000000E+00, 0.916466E+00, 0.000000E+00, 0.000000E+00, 0.000000E+00, 0.781939E+02, 0.210181E+02, 0.000000E+00, 0.000000E+00, 0.000000E+00, 0.000000E+00, 0.000000E+00, 0.787974E+00, 0.000000E+00, 0.000000E+00, 0.000000E+00, 0.212249E+02, 0.211879E+02, 0.323109E+01, 0.374617E+02,-0.477895E+00, 0.100375E+06, 0.779077E+02, 0.211760E+02, 0.000000E+00, 0.000000E+00, 0.000000E+00, 0.000000E+00, 0.000000E+00, 0.916239E+00, 0.000000E+00, 0.000000E+00, 0.000000E+00, 0.779747E+02, 0.211370E+02, 0.000000E+00, 0.000000E+00, 0.000000E+00, 0.000000E+00, 0.000000E+00, 0.888252E+00, 0.000000E+00, 0.000000E+00, 0.000000E+00, 0.351945E+02, 0.251201E+02, 0.120001E+00, 0.313022E+03, 0.508564E+04, 0.105461E+06, 0.772343E+02, 0.189048E+02, 0.135271E+01, 0.176883E-01, 0.000000E+00, 0.000000E+00, 0.286706E-18, 0.238914E+01, 0.189451E+01, 0.189451E+01, 0.000000E+00, 0.779038E+02, 0.211715E+02, 0.000000E+00, 0.000000E+00, 0.000000E+00, 0.000000E+00, 0.000000E+00, 0.924715E+00, 0.000000E+00, 0.000000E+00, 0.000000E+00, 0.187886E+02, 0.678132E+03,-0.437515E+00, 0.100375E+06, 0.783778E+02, 0.209171E+02, 0.000000E+00, 0.000000E+00, 0.000000E+00, 0.000000E+00, 0.000000E+00, 0.705102E+00, 0.000000E+00, 0.000000E+00, 0.000000E+00, 0.214196E+02, 0.214471E+02, 0.689568E+01, 0.102029E+02,-0.215133E+03, 0.100118E+06, 0.778854E+02, 0.211891E+02, 0.000000E+00, 0.000000E+00, 0.000000E+00, 0.000000E+00, 0.000000E+00, 0.925487E+00, 0.000000E+00, 0.000000E+00, 0.000000E+00, 0.778843E+02, 0.211901E+02, 0.000000E+00, 0.000000E+00, 0.000000E+00, 0.000000E+00, 0.000000E+00, 0.925530E+00, 0.000000E+00, 0.000000E+00, 0.000000E+00, 0.213082E+02, 0.213283E+02, 0.336253E+01, 0.191513E+02,-0.215129E+03, 0.100118E+06, 0.778878E+02, 0.211868E+02, 0.000000E+00, 0.000000E+00, 0.000000E+00, 0.000000E+00, 0.000000E+00, 0.925386E+00, 0.000000E+00, 0.000000E+00, 0.000000E+00, 0.778845E+02, 0.211900E+02, 0.000000E+00, 0.000000E+00, 0.000000E+00, 0.000000E+00, 0.000000E+00, 0.925525E+00, 0.000000E+00, 0.000000E+00, 0.000000E+00, 0.213567E+02, 0.213793E+02, 0.349882E+01, 0.108963E+00,-0.221182E+03, 0.100112E+06, 0.778913E+02, 0.211834E+02, 0.000000E+00, 0.000000E+00, 0.000000E+00, 0.000000E+00, 0.000000E+00, 0.925237E+00, 0.000000E+00, 0.000000E+00, 0.000000E+00, 0.778845E+02, 0.211900E+02, 0.000000E+00, 0.000000E+00, 0.000000E+00, 0.000000E+00, 0.000000E+00, 0.925525E+00, 0.000000E+00, 0.000000E+00, 0.000000E+00, 0.212190E+02, 0.201487E+02, 0.277664E+01, 0.100769E+03, 0.648975E+00, 0.100292E+06, 0.778870E+02, 0.211946E+02, 0.000000E+00, 0.000000E+00, 0.000000E+00, 0.000000E+00, 0.000000E+00, 0.918345E+00, 0.000000E+00, 0.000000E+00, 0.000000E+00, 0.782326E+02, 0.209970E+02, 0.000000E+00, 0.000000E+00, 0.000000E+00, 0.000000E+00, 0.000000E+00, 0.770357E+00, 0.000000E+00, 0.000000E+00, 0.000000E+00, 0.213145E+02, 0.213337E+02, 0.347781E+01, 0.205462E+01, 0.602223E+00, 0.100292E+06, 0.779136E+02, 0.211758E+02, 0.000000E+00, 0.000000E+00, 0.000000E+00, 0.000000E+00, 0.000000E+00, 0.910647E+00, 0.000000E+00, 0.000000E+00, 0.000000E+00, 0.779210E+02, 0.211727E+02, 0.000000E+00, 0.000000E+00, 0.000000E+00, 0.000000E+00, 0.000000E+00, 0.906264E+00, 0.000000E+00, 0.000000E+00, 0.000000E+00, 0.100000E+01, 0.115852E-02, 0.320491E-03, 0.137811E+05, 0.137811E+05, 0.101843E+05, 0.357384E+04, 0.102073E+05, 0.000000E+00, 0.000000E+00, 0.000000E+00, 0.000000E+00, 0.000000E+00, 0.000000E+00, 0.000000E+00, 0.000000E+00, 0.000000E+00, 0.000000E+00, 0.000000E+00, 0.000000E+00, 0.000000E+00, 0.000000E+00, 0.000000E+00, 0.000000E+00, 0.000000E+00, 0.000000E+00, 0.000000E+00, 0.000000E+00, 0.000000E+00, 0.000000E+00, 0.000000E+00, 0.000000E+00, 0.000000E+00, 0.000000E+00, 0.000000E+00, 0.000000E+00, 0.000000E+00, 0.000000E+00, 0.000000E+00, 0.000000E+00, 0.000000E+00, 0.000000E+00, 0.000000E+00, 0.000000E+00, 0.000000E+00                      
 0.960000E+03, 0.180895E+02, 0.247555E+03,-0.267171E+00, 0.100375E+06, 0.785806E+02, 0.208071E+02, 0.000000E+00, 0.000000E+00, 0.000000E+00, 0.000000E+00, 0.000000E+00, 0.612278E+00, 0.000000E+00, 0.000000E+00, 0.000000E+00, 0.210863E+02, 0.203881E+02, 0.347710E+01, 0.224008E+01,-0.412478E+00, 0.100375E+06, 0.778233E+02, 0.212602E+02, 0.000000E+00, 0.000000E+00, 0.000000E+00, 0.000000E+00, 0.000000E+00, 0.916466E+00, 0.000000E+00, 0.000000E+00, 0.000000E+00, 0.781976E+02, 0.210161E+02, 0.000000E+00, 0.000000E+00, 0.000000E+00, 0.000000E+00, 0.000000E+00, 0.786274E+00, 0.000000E+00, 0.000000E+00, 0.000000E+00, 0.212191E+02, 0.211796E+02, 0.323106E+01, 0.374660E+02,-0.477313E+00, 0.100375E+06, 0.779078E+02, 0.211760E+02, 0.000000E+00, 0.000000E+00, 0.000000E+00, 0.000000E+00, 0.000000E+00, 0.916222E+00, 0.000000E+00, 0.000000E+00, 0.000000E+00, 0.779765E+02, 0.211361E+02, 0.000000E+00, 0.000000E+00, 0.000000E+00, 0.000000E+00, 0.000000E+00, 0.887418E+00, 0.000000E+00, 0.000000E+00, 0.000000E+00, 0.348726E+02, 0.250712E+02, 0.120001E+00, 0.313022E+03, 0.497972E+04, 0.105355E+06, 0.772335E+02, 0.189022E+02, 0.135425E+01, 0.177084E-01, 0.000000E+00, 0.000000E+00, 0.295192E-18, 0.239081E+01, 0.189674E+01, 0.189674E+01, 0.000000E+00, 0.779038E+02, 0.211715E+02, 0.000000E+00, 0.000000E+00, 0.000000E+00, 0.000000E+00, 0.000000E+00, 0.924715E+00, 0.000000E+00, 0.000000E+00, 0.000000E+00, 0.187808E+02, 0.678132E+03,-0.436889E+00, 0.100375E+06, 0.783802E+02, 0.209158E+02, 0.000000E+00, 0.000000E+00, 0.000000E+00, 0.000000E+00, 0.000000E+00, 0.704009E+00, 0.000000E+00, 0.000000E+00, 0.000000E+00, 0.214139E+02, 0.214413E+02, 0.689448E+01, 0.103202E+02,-0.217114E+03, 0.100116E+06, 0.778854E+02, 0.211891E+02, 0.000000E+00, 0.000000E+00, 0.000000E+00, 0.000000E+00, 0.000000E+00, 0.925487E+00, 0.000000E+00, 0.000000E+00, 0.000000E+00, 0.778843E+02, 0.211901E+02, 0.000000E+00, 0.000000E+00, 0.000000E+00, 0.000000E+00, 0.000000E+00, 0.925530E+00, 0.000000E+00, 0.000000E+00, 0.000000E+00, 0.213024E+02, 0.213224E+02, 0.336059E+01, 0.194212E+02,-0.217110E+03, 0.100116E+06, 0.778877E+02, 0.211869E+02, 0.000000E+00, 0.000000E+00, 0.000000E+00, 0.000000E+00, 0.000000E+00, 0.925389E+00, 0.000000E+00, 0.000000E+00, 0.000000E+00, 0.778845E+02, 0.211900E+02, 0.000000E+00, 0.000000E+00, 0.000000E+00, 0.000000E+00, 0.000000E+00, 0.925525E+00, 0.000000E+00, 0.000000E+00, 0.000000E+00, 0.213509E+02, 0.213734E+02, 0.349882E+01, 0.109638E+00,-0.223172E+03, 0.100110E+06, 0.778913E+02, 0.211835E+02, 0.000000E+00, 0.000000E+00, 0.000000E+00, 0.000000E+00, 0.000000E+00, 0.925239E+00, 0.000000E+00, 0.000000E+00, 0.000000E+00, 0.778845E+02, 0.211900E+02, 0.000000E+00, 0.000000E+00, 0.000000E+00, 0.000000E+00, 0.000000E+00, 0.925525E+00, 0.000000E+00, 0.000000E+00, 0.000000E+00, 0.212134E+02, 0.201383E+02, 0.276846E+01, 0.101909E+03, 0.648077E+00, 0.100292E+06, 0.778874E+02, 0.211944E+02, 0.000000E+00, 0.000000E+00, 0.000000E+00, 0.000000E+00, 0.000000E+00, 0.918206E+00, 0.000000E+00, 0.000000E+00, 0.000000E+00, 0.782364E+02, 0.209949E+02, 0.000000E+00, 0.000000E+00, 0.000000E+00, 0.000000E+00, 0.000000E+00, 0.768664E+00, 0.000000E+00, 0.000000E+00, 0.000000E+00, 0.213072E+02, 0.213261E+02, 0.347781E+01, 0.205515E+01, 0.601211E+00, 0.100292E+06, 0.779136E+02, 0.211758E+02, 0.000000E+00, 0.000000E+00, 0.000000E+00, 0.000000E+00, 0.000000E+00, 0.910639E+00, 0.000000E+00, 0.000000E+00, 0.000000E+00, 0.779222E+02, 0.211721E+02, 0.000000E+00, 0.000000E+00, 0.000000E+00, 0.000000E+00, 0.000000E+00, 0.905761E+00, 0.000000E+00, 0.000000E+00, 0.000000E+00, 0.100000E+01, 0.112655E-02, 0.306820E-03, 0.131933E+05, 0.131933E+05, 0.974983E+04, 0.347521E+04, 0.971806E+04, 0.000000E+00, 0.000000E+00, 0.000000E+00, 0.000000E+00, 0.000000E+00, 0.000000E+00, 0.000000E+00, 0.000000E+00, 0.000000E+00, 0.000000E+00, 0.000000E+00, 0.000000E+00, 0.000000E+00, 0.000000E+00, 0.000000E+00, 0.000000E+00, 0.000000E+00, 0.000000E+00, 0.000000E+00, 0.000000E+00, 0.000000E+00, 0.000000E+00, 0.000000E+00, 0.000000E+00, 0.000000E+00, 0.000000E+00, 0.000000E+00, 0.000000E+00, 0.000000E+00, 0.000000E+00, 0.000000E+00, 0.000000E+00, 0.000000E+00, 0.000000E+00, 0.000000E+00, 0.000000E+00, 0.000000E+00                      
 0.970000E+03, 0.180845E+02, 0.247555E+03,-0.266856E+00, 0.100375E+06, 0.785832E+02, 0.208057E+02, 0.000000E+00, 0.000000E+00, 0.000000E+00, 0.000000E+00, 0.000000E+00, 0.611102E+00, 0.000000E+00, 0.000000E+00, 0.000000E+00, 0.210807E+02, 0.203784E+02, 0.347710E+01, 0.224004E+01,-0.411873E+00, 0.100375E+06, 0.778233E+02, 0.212602E+02, 0.000000E+00, 0.000000E+00, 0.000000E+00, 0.000000E+00, 0.000000E+00, 0.916466E+00, 0.000000E+00, 0.000000E+00, 0.000000E+00, 0.782014E+02, 0.210141E+02, 0.000000E+00, 0.000000E+00, 0.000000E+00, 0.000000E+00, 0.000000E+00, 0.784580E+00, 0.000000E+00, 0.000000E+00, 0.000000E+00, 0.212134E+02, 0.211714E+02, 0.323103E+01, 0.374701E+02,-0.476738E+00, 0.100375E+06, 0.779078E+02, 0.211760E+02, 0.000000E+00, 0.000000E+00, 0.000000E+00, 0.000000E+00, 0.000000E+00, 0.916205E+00, 0.000000E+00, 0.000000E+00, 0.000000E+00, 0.779784E+02, 0.211351E+02, 0.000000E+00, 0.000000E+00, 0.000000E+00, 0.000000E+00, 0.000000E+00, 0.886579E+00, 0.000000E+00, 0.000000E+00, 0.000000E+00, 0.345595E+02, 0.250233E+02, 0.120001E+00, 0.313022E+03, 0.487663E+04, 0.105252E+06, 0.772328E+02, 0.188997E+02, 0.135573E+01, 0.177277E-01, 0.000000E+00, 0.000000E+00, 0.305149E-18, 0.239240E+01, 0.189888E+01, 0.189888E+01, 0.000000E+00, 0.779038E+02, 0.211715E+02, 0.000000E+00, 0.000000E+00, 0.000000E+00, 0.000000E+00, 0.000000E+00, 0.924715E+00, 0.000000E+00, 0.000000E+00, 0.000000E+00, 0.187731E+02, 0.678132E+03,-0.436275E+00, 0.100375E+06, 0.783826E+02, 0.209145E+02, 0.000000E+00, 0.000000E+00, 0.000000E+00, 0.000000E+00, 0.000000E+00, 0.702931E+00, 0.000000E+00, 0.000000E+00, 0.000000E+00, 0.214082E+02, 0.214355E+02, 0.689329E+01, 0.104374E+02,-0.219084E+03, 0.100114E+06, 0.778854E+02, 0.211892E+02, 0.000000E+00, 0.000000E+00, 0.000000E+00, 0.000000E+00, 0.000000E+00, 0.925488E+00, 0.000000E+00, 0.000000E+00, 0.000000E+00, 0.778843E+02, 0.211901E+02, 0.000000E+00, 0.000000E+00, 0.000000E+00, 0.000000E+00, 0.000000E+00, 0.925530E+00, 0.000000E+00, 0.000000E+00, 0.000000E+00, 0.212967E+02, 0.213166E+02, 0.335865E+01, 0.196910E+02,-0.219080E+03, 0.100114E+06, 0.778877E+02, 0.211869E+02, 0.000000E+00, 0.000000E+00, 0.000000E+00, 0.000000E+00, 0.000000E+00, 0.925390E+00, 0.000000E+00, 0.000000E+00, 0.000000E+00, 0.778845E+02, 0.211900E+02, 0.000000E+00, 0.000000E+00, 0.000000E+00, 0.000000E+00, 0.000000E+00, 0.925525E+00, 0.000000E+00, 0.000000E+00, 0.000000E+00, 0.213451E+02, 0.213676E+02, 0.349881E+01, 0.110308E+00,-0.225151E+03, 0.100108E+06, 0.778912E+02, 0.211835E+02, 0.000000E+00, 0.000000E+00, 0.000000E+00, 0.000000E+00, 0.000000E+00, 0.925241E+00, 0.000000E+00, 0.000000E+00, 0.000000E+00, 0.778845E+02, 0.211900E+02, 0.000000E+00, 0.000000E+00, 0.000000E+00, 0.000000E+00, 0.000000E+00, 0.925525E+00, 0.000000E+00, 0.000000E+00, 0.000000E+00, 0.212078E+02, 0.201280E+02, 0.276027E+01, 0.103050E+03, 0.647199E+00, 0.100292E+06, 0.778878E+02, 0.211941E+02, 0.000000E+00, 0.000000E+00, 0.000000E+00, 0.000000E+00, 0.000000E+00, 0.918064E+00, 0.000000E+00, 0.000000E+00, 0.000000E+00, 0.782401E+02, 0.209929E+02, 0.000000E+00, 0.000000E+00, 0.000000E+00, 0.000000E+00, 0.000000E+00, 0.766984E+00, 0.000000E+00, 0.000000E+00, 0.000000E+00, 0.212998E+02, 0.213186E+02, 0.347780E+01, 0.205567E+01, 0.600223E+00, 0.100292E+06, 0.779136E+02, 0.211758E+02, 0.000000E+00, 0.000000E+00, 0.000000E+00, 0.000000E+00, 0.000000E+00, 0.910631E+00, 0.000000E+00, 0.000000E+00, 0.000000E+00, 0.779233E+02, 0.211714E+02, 0.000000E+00, 0.000000E+00, 0.000000E+00, 0.000000E+00, 0.000000E+00, 0.905252E+00, 0.000000E+00, 0.000000E+00, 0.000000E+00, 0.100000E+01, 0.109535E-02, 0.293732E-03, 0.126305E+05, 0.126305E+05, 0.933393E+04, 0.337895E+04, 0.925154E+04, 0.000000E+00, 0.000000E+00, 0.000000E+00, 0.000000E+00, 0.000000E+00, 0.000000E+00, 0.000000E+00, 0.000000E+00, 0.000000E+00, 0.000000E+00, 0.000000E+00, 0.000000E+00, 0.000000E+00, 0.000000E+00, 0.000000E+00, 0.000000E+00, 0.000000E+00, 0.000000E+00, 0.000000E+00, 0.000000E+00, 0.000000E+00, 0.000000E+00, 0.000000E+00, 0.000000E+00, 0.000000E+00, 0.000000E+00, 0.000000E+00, 0.000000E+00, 0.000000E+00, 0.000000E+00, 0.000000E+00, 0.000000E+00, 0.000000E+00, 0.000000E+00, 0.000000E+00, 0.000000E+00, 0.000000E+00                      
 0.980000E+03, 0.180796E+02, 0.247555E+03,-0.266546E+00, 0.100375E+06, 0.785858E+02, 0.208043E+02, 0.000000E+00, 0.000000E+00, 0.000000E+00, 0.000000E+00, 0.000000E+00, 0.609944E+00, 0.000000E+00, 0.000000E+00, 0.000000E+00, 0.210751E+02, 0.203688E+02, 0.347710E+01, 0.224000E+01,-0.411278E+00, 0.100375E+06, 0.778233E+02, 0.212602E+02, 0.000000E+00, 0.000000E+00, 0.000000E+00, 0.000000E+00, 0.000000E+00, 0.916466E+00, 0.000000E+00, 0.000000E+00, 0.000000E+00, 0.782051E+02, 0.210120E+02, 0.000000E+00, 0.000000E+00, 0.000000E+00, 0.000000E+00, 0.000000E+00, 0.782893E+00, 0.000000E+00, 0.000000E+00, 0.000000E+00, 0.212077E+02, 0.211633E+02, 0.323100E+01, 0.374743E+02,-0.476170E+00, 0.100375E+06, 0.779079E+02, 0.211760E+02, 0.000000E+00, 0.000000E+00, 0.000000E+00, 0.000000E+00, 0.000000E+00, 0.916188E+00, 0.000000E+00, 0.000000E+00, 0.000000E+00, 0.779802E+02, 0.211340E+02, 0.000000E+00, 0.000000E+00, 0.000000E+00, 0.000000E+00, 0.000000E+00, 0.885735E+00, 0.000000E+00, 0.000000E+00, 0.000000E+00, 0.342549E+02, 0.249763E+02, 0.120001E+00, 0.313022E+03, 0.477630E+04, 0.105151E+06, 0.772321E+02, 0.188973E+02, 0.135714E+01, 0.177461E-01, 0.000000E+00, 0.000000E+00, 0.310135E-18, 0.239393E+01, 0.190093E+01, 0.190093E+01, 0.000000E+00, 0.779038E+02, 0.211715E+02, 0.000000E+00, 0.000000E+00, 0.000000E+00, 0.000000E+00, 0.000000E+00, 0.924715E+00, 0.000000E+00, 0.000000E+00, 0.000000E+00, 0.187656E+02, 0.678132E+03,-0.435672E+00, 0.100375E+06, 0.783849E+02, 0.209132E+02, 0.000000E+00, 0.000000E+00, 0.000000E+00, 0.000000E+00, 0.000000E+00, 0.701866E+00, 0.000000E+00, 0.000000E+00, 0.000000E+00, 0.214025E+02, 0.214298E+02, 0.689209E+01, 0.105544E+02,-0.221044E+03, 0.100112E+06, 0.778853E+02, 0.211892E+02, 0.000000E+00, 0.000000E+00, 0.000000E+00, 0.000000E+00, 0.000000E+00, 0.925488E+00, 0.000000E+00, 0.000000E+00, 0.000000E+00, 0.778843E+02, 0.211901E+02, 0.000000E+00, 0.000000E+00, 0.000000E+00, 0.000000E+00, 0.000000E+00, 0.925530E+00, 0.000000E+00, 0.000000E+00, 0.000000E+00, 0.212910E+02, 0.213108E+02, 0.335672E+01, 0.199605E+02,-0.221040E+03, 0.100112E+06, 0.778876E+02, 0.211870E+02, 0.000000E+00, 0.000000E+00, 0.000000E+00, 0.000000E+00, 0.000000E+00, 0.925392E+00, 0.000000E+00, 0.000000E+00, 0.000000E+00, 0.778845E+02, 0.211900E+02, 0.000000E+00, 0.000000E+00, 0.000000E+00, 0.000000E+00, 0.000000E+00, 0.925525E+00, 0.000000E+00, 0.000000E+00, 0.000000E+00, 0.213394E+02, 0.213618E+02, 0.349880E+01, 0.110975E+00,-0.227118E+03, 0.100106E+06, 0.778912E+02, 0.211836E+02, 0.000000E+00, 0.000000E+00, 0.000000E+00, 0.000000E+00, 0.000000E+00, 0.925243E+00, 0.000000E+00, 0.000000E+00, 0.000000E+00, 0.778845E+02, 0.211900E+02, 0.000000E+00, 0.000000E+00, 0.000000E+00, 0.000000E+00, 0.000000E+00, 0.925525E+00, 0.000000E+00, 0.000000E+00, 0.000000E+00, 0.212023E+02, 0.201179E+02, 0.275207E+01, 0.104192E+03, 0.646339E+00, 0.100292E+06, 0.778882E+02, 0.211939E+02, 0.000000E+00, 0.000000E+00, 0.000000E+00, 0.000000E+00, 0.000000E+00, 0.917919E+00, 0.000000E+00, 0.000000E+00, 0.000000E+00, 0.782438E+02, 0.209908E+02, 0.000000E+00, 0.000000E+00, 0.000000E+00, 0.000000E+00, 0.000000E+00, 0.765316E+00, 0.000000E+00, 0.000000E+00, 0.000000E+00, 0.212925E+02, 0.213111E+02, 0.347780E+01, 0.205618E+01, 0.599258E+00, 0.100292E+06, 0.779136E+02, 0.211757E+02, 0.000000E+00, 0.000000E+00, 0.000000E+00, 0.000000E+00, 0.000000E+00, 0.910622E+00, 0.000000E+00, 0.000000E+00, 0.000000E+00, 0.779245E+02, 0.211708E+02, 0.000000E+00, 0.000000E+00, 0.000000E+00, 0.000000E+00, 0.000000E+00, 0.904739E+00, 0.000000E+00, 0.000000E+00, 0.000000E+00, 0.100000E+01, 0.106490E-02, 0.281203E-03, 0.120917E+05, 0.120917E+05, 0.893578E+04, 0.328502E+04, 0.880670E+04, 0.000000E+00, 0.000000E+00, 0.000000E+00, 0.000000E+00, 0.000000E+00, 0.000000E+00, 0.000000E+00, 0.000000E+00, 0.000000E+00, 0.000000E+00, 0.000000E+00, 0.000000E+00, 0.000000E+00, 0.000000E+00, 0.000000E+00, 0.000000E+00, 0.000000E+00, 0.000000E+00, 0.000000E+00, 0.000000E+00, 0.000000E+00, 0.000000E+00, 0.000000E+00, 0.000000E+00, 0.000000E+00, 0.000000E+00, 0.000000E+00, 0.000000E+00, 0.000000E+00, 0.000000E+00, 0.000000E+00, 0.000000E+00, 0.000000E+00, 0.000000E+00, 0.000000E+00, 0.000000E+00, 0.000000E+00                      
 0.990000E+03, 0.180748E+02, 0.247555E+03,-0.266243E+00, 0.100375E+06, 0.785883E+02, 0.208029E+02, 0.000000E+00, 0.000000E+00, 0.000000E+00, 0.000000E+00, 0.000000E+00, 0.608804E+00, 0.000000E+00, 0.000000E+00, 0.000000E+00, 0.210696E+02, 0.203594E+02, 0.347710E+01, 0.223996E+01,-0.410694E+00, 0.100375E+06, 0.778233E+02, 0.212602E+02, 0.000000E+00, 0.000000E+00, 0.000000E+00, 0.000000E+00, 0.000000E+00, 0.916466E+00, 0.000000E+00, 0.000000E+00, 0.000000E+00, 0.782088E+02, 0.210100E+02, 0.000000E+00, 0.000000E+00, 0.000000E+00, 0.000000E+00, 0.000000E+00, 0.781214E+00, 0.000000E+00, 0.000000E+00, 0.000000E+00, 0.212021E+02, 0.211552E+02, 0.323097E+01, 0.374783E+02,-0.475610E+00, 0.100375E+06, 0.779079E+02, 0.211759E+02, 0.000000E+00, 0.000000E+00, 0.000000E+00, 0.000000E+00, 0.000000E+00, 0.916171E+00, 0.000000E+00, 0.000000E+00, 0.000000E+00, 0.779821E+02, 0.211330E+02, 0.000000E+00, 0.000000E+00, 0.000000E+00, 0.000000E+00, 0.000000E+00, 0.884885E+00, 0.000000E+00, 0.000000E+00, 0.000000E+00, 0.339585E+02, 0.249303E+02, 0.120001E+00, 0.313022E+03, 0.467868E+04, 0.105054E+06, 0.772315E+02, 0.188950E+02, 0.135849E+01, 0.177637E-01, 0.000000E+00, 0.000000E+00, 0.319120E-18, 0.239539E+01, 0.190289E+01, 0.190289E+01, 0.000000E+00, 0.779038E+02, 0.211715E+02, 0.000000E+00, 0.000000E+00, 0.000000E+00, 0.000000E+00, 0.000000E+00, 0.924714E+00, 0.000000E+00, 0.000000E+00, 0.000000E+00, 0.187582E+02, 0.678132E+03,-0.435080E+00, 0.100375E+06, 0.783873E+02, 0.209119E+02, 0.000000E+00, 0.000000E+00, 0.000000E+00, 0.000000E+00, 0.000000E+00, 0.700814E+00, 0.000000E+00, 0.000000E+00, 0.000000E+00, 0.213968E+02, 0.214241E+02, 0.689090E+01, 0.106712E+02,-0.222994E+03, 0.100110E+06, 0.778853E+02, 0.211892E+02, 0.000000E+00, 0.000000E+00, 0.000000E+00, 0.000000E+00, 0.000000E+00, 0.925489E+00, 0.000000E+00, 0.000000E+00, 0.000000E+00, 0.778844E+02, 0.211901E+02, 0.000000E+00, 0.000000E+00, 0.000000E+00, 0.000000E+00, 0.000000E+00, 0.925530E+00, 0.000000E+00, 0.000000E+00, 0.000000E+00, 0.212853E+02, 0.213050E+02, 0.335478E+01, 0.202298E+02,-0.222989E+03, 0.100110E+06, 0.778876E+02, 0.211870E+02, 0.000000E+00, 0.000000E+00, 0.000000E+00, 0.000000E+00, 0.000000E+00, 0.925394E+00, 0.000000E+00, 0.000000E+00, 0.000000E+00, 0.778845E+02, 0.211900E+02, 0.000000E+00, 0.000000E+00, 0.000000E+00, 0.000000E+00, 0.000000E+00, 0.925525E+00, 0.000000E+00, 0.000000E+00, 0.000000E+00, 0.213337E+02, 0.213561E+02, 0.349879E+01, 0.111636E+00,-0.229074E+03, 0.100104E+06, 0.778911E+02, 0.211836E+02, 0.000000E+00, 0.000000E+00, 0.000000E+00, 0.000000E+00, 0.000000E+00, 0.925245E+00, 0.000000E+00, 0.000000E+00, 0.000000E+00, 0.778845E+02, 0.211900E+02, 0.000000E+00, 0.000000E+00, 0.000000E+00, 0.000000E+00, 0.000000E+00, 0.925525E+00, 0.000000E+00, 0.000000E+00, 0.000000E+00, 0.211968E+02, 0.201079E+02, 0.274387E+01, 0.105335E+03, 0.645497E+00, 0.100292E+06, 0.778886E+02, 0.211936E+02, 0.000000E+00, 0.000000E+00, 0.000000E+00, 0.000000E+00, 0.000000E+00, 0.917772E+00, 0.000000E+00, 0.000000E+00, 0.000000E+00, 0.782475E+02, 0.209888E+02, 0.000000E+00, 0.000000E+00, 0.000000E+00, 0.000000E+00, 0.000000E+00, 0.763661E+00, 0.000000E+00, 0.000000E+00, 0.000000E+00, 0.212853E+02, 0.213036E+02, 0.347779E+01, 0.205667E+01, 0.598315E+00, 0.100292E+06, 0.779136E+02, 0.211757E+02, 0.000000E+00, 0.000000E+00, 0.000000E+00, 0.000000E+00, 0.000000E+00, 0.910614E+00, 0.000000E+00, 0.000000E+00, 0.000000E+00, 0.779257E+02, 0.211701E+02, 0.000000E+00, 0.000000E+00, 0.000000E+00, 0.000000E+00, 0.000000E+00, 0.904221E+00, 0.000000E+00, 0.000000E+00, 0.000000E+00, 0.100000E+01, 0.103519E-02, 0.269208E-03, 0.115759E+05, 0.115759E+05, 0.855461E+04, 0.319339E+04, 0.838254E+04, 0.000000E+00, 0.000000E+00, 0.000000E+00, 0.000000E+00, 0.000000E+00, 0.000000E+00, 0.000000E+00, 0.000000E+00, 0.000000E+00, 0.000000E+00, 0.000000E+00, 0.000000E+00, 0.000000E+00, 0.000000E+00, 0.000000E+00, 0.000000E+00, 0.000000E+00, 0.000000E+00, 0.000000E+00, 0.000000E+00, 0.000000E+00, 0.000000E+00, 0.000000E+00, 0.000000E+00, 0.000000E+00, 0.000000E+00, 0.000000E+00, 0.000000E+00, 0.000000E+00, 0.000000E+00, 0.000000E+00, 0.000000E+00, 0.000000E+00, 0.000000E+00, 0.000000E+00, 0.000000E+00, 0.000000E+00                      
